pair_id,group,subclass,backbone,mode,fov_ratio,scale_ratio,n_gt,n_matches,n_inliers,family,runtime_s,mu_ed,med_ed,p1,p3,p5,p10,mu_ed_tps,med_ed_tps,status,error,rung,area_ratio,n_gt_inside
eval_AF9628-Martensitic_SEM-SE-Stitch_EBSD_SameSlice_0#2,SameSlice,AF9628-Martensitic_SEM-SE-Stitch_EBSD_SameSlice,ma_roma_ft,direct,0.7008,0.32023,37,10000,6513,affine,3.00,6.291,4.967,0.027,0.297,0.514,0.811,8.262,5.953,ok,,0.5,0.5000,22
eval_AF9628-Martensitic_SEM-SE-Stitch_EBSD_SameSlice_0#2,SameSlice,AF9628-Martensitic_SEM-SE-Stitch_EBSD_SameSlice,ma_roma_ft,pyramid_v2,0.7008,0.32023,37,10000,6705,affine@direct,1.42,6.560,5.408,0.027,0.243,0.459,0.784,8.883,7.452,ok,,0.5,0.5000,22
eval_AF9628-Martensitic_SEM-SE-Stitch_EBSD_SameSlice_0#2,SameSlice,AF9628-Martensitic_SEM-SE-Stitch_EBSD_SameSlice,ma_roma_ft,direct,0.4955,0.32023,37,10000,6591,homography,0.97,6.136,5.767,0.054,0.270,0.486,0.838,19.194,14.758,ok,,0.25,0.2500,10
eval_AF9628-Martensitic_SEM-SE-Stitch_EBSD_SameSlice_0#2,SameSlice,AF9628-Martensitic_SEM-SE-Stitch_EBSD_SameSlice,ma_roma_ft,pyramid_v2,0.4955,0.32023,37,10000,6600,homography@direct,2.13,6.095,5.720,0.054,0.270,0.459,0.838,19.207,16.052,ok,,0.25,0.2500,10
eval_AF9628-Martensitic_SEM-SE-Stitch_EBSD_SameSlice_0#2,SameSlice,AF9628-Martensitic_SEM-SE-Stitch_EBSD_SameSlice,ma_roma_ft,direct,0.3134,0.32023,37,10000,3650,affine,0.91,7.588,6.613,0.054,0.135,0.270,0.703,61.165,55.988,ok,,0.1,0.1000,7
eval_AF9628-Martensitic_SEM-SE-Stitch_EBSD_SameSlice_0#2,SameSlice,AF9628-Martensitic_SEM-SE-Stitch_EBSD_SameSlice,ma_roma_ft,pyramid_v2,0.3134,0.32023,37,10000,3575,affine@direct,1.70,7.040,6.292,0.027,0.162,0.351,0.730,55.322,46.303,ok,,0.1,0.1000,7
eval_AF9628-Martensitic_SEM-SE-Stitch_EBSD_SameSlice_0#2,SameSlice,AF9628-Martensitic_SEM-SE-Stitch_EBSD_SameSlice,ma_roma_ft,direct,0.2216,0.32023,37,10000,1136,homography,0.84,118.126,77.465,0.000,0.027,0.027,0.081,104.843,110.355,ok,,0.05,0.0500,3
eval_AF9628-Martensitic_SEM-SE-Stitch_EBSD_SameSlice_0#2,SameSlice,AF9628-Martensitic_SEM-SE-Stitch_EBSD_SameSlice,ma_roma_ft,pyramid_v2,0.2216,0.32023,37,10000,7003,homography@direct+zoom,3.28,9.662,7.451,0.027,0.135,0.324,0.568,85.016,77.418,ok,,0.05,0.0500,3
eval_AF9628-Martensitic_SEM-SE-Stitch_EBSD_SameSlice_0#2,SameSlice,AF9628-Martensitic_SEM-SE-Stitch_EBSD_SameSlice,ma_roma_ft,direct,0.1402,0.32023,37,10000,549,affine,0.85,7913.217,8200.892,0.000,0.000,0.000,0.000,7871.113,8135.892,ok,,0.02,0.0200,1
eval_AF9628-Martensitic_SEM-SE-Stitch_EBSD_SameSlice_0#2,SameSlice,AF9628-Martensitic_SEM-SE-Stitch_EBSD_SameSlice,ma_roma_ft,pyramid_v2,0.1402,0.32023,37,10000,644,affine@direct,0.89,7744.306,8327.780,0.000,0.000,0.000,0.000,7554.401,8127.532,ok,,0.02,0.0200,1
eval_AF9628-Martensitic_SEM-SE-Stitch_EBSD_SameSlice_1#0,SameSlice,AF9628-Martensitic_SEM-SE-Stitch_EBSD_SameSlice,ma_roma_ft,direct,0.7445,0.35657,39,10000,4956,affine,1.28,7.093,6.815,0.000,0.077,0.308,0.795,6.588,5.393,ok,,0.5,0.5000,18
eval_AF9628-Martensitic_SEM-SE-Stitch_EBSD_SameSlice_1#0,SameSlice,AF9628-Martensitic_SEM-SE-Stitch_EBSD_SameSlice,ma_roma_ft,pyramid_v2,0.7445,0.35657,39,10000,5086,affine@direct,1.34,6.608,6.707,0.000,0.103,0.333,0.897,8.682,5.629,ok,,0.5,0.5000,18
eval_AF9628-Martensitic_SEM-SE-Stitch_EBSD_SameSlice_1#0,SameSlice,AF9628-Martensitic_SEM-SE-Stitch_EBSD_SameSlice,ma_roma_ft,direct,0.5264,0.35657,39,10000,4528,affine,1.06,6.965,5.782,0.000,0.154,0.385,0.769,13.033,12.837,ok,,0.25,0.2500,10
eval_AF9628-Martensitic_SEM-SE-Stitch_EBSD_SameSlice_1#0,SameSlice,AF9628-Martensitic_SEM-SE-Stitch_EBSD_SameSlice,ma_roma_ft,pyramid_v2,0.5264,0.35657,39,10000,4360,affine@direct,2.17,5.471,4.882,0.026,0.205,0.538,0.897,13.971,11.747,ok,,0.25,0.2500,10
eval_AF9628-Martensitic_SEM-SE-Stitch_EBSD_SameSlice_1#0,SameSlice,AF9628-Martensitic_SEM-SE-Stitch_EBSD_SameSlice,ma_roma_ft,direct,0.3330,0.35657,39,10000,227,homography,0.92,2474.526,1532.965,0.000,0.000,0.000,0.000,1664.071,1632.854,ok,,0.1,0.1000,3
eval_AF9628-Martensitic_SEM-SE-Stitch_EBSD_SameSlice_1#0,SameSlice,AF9628-Martensitic_SEM-SE-Stitch_EBSD_SameSlice,ma_roma_ft,pyramid_v2,0.3330,0.35657,39,10000,251,homography@direct,0.85,3604.717,2013.973,0.000,0.000,0.000,0.000,2284.089,2070.201,ok,,0.1,0.1000,3
eval_AF9628-Martensitic_SEM-SE-Stitch_EBSD_SameSlice_1#0,SameSlice,AF9628-Martensitic_SEM-SE-Stitch_EBSD_SameSlice,ma_roma_ft,direct,0.2355,0.35657,39,10000,288,homography,0.84,22381.296,2778.126,0.000,0.000,0.000,0.000,2210.848,2117.594,ok,,0.05,0.0500,1
eval_AF9628-Martensitic_SEM-SE-Stitch_EBSD_SameSlice_1#0,SameSlice,AF9628-Martensitic_SEM-SE-Stitch_EBSD_SameSlice,ma_roma_ft,pyramid_v2,0.2355,0.35657,39,10000,446,affine@direct,0.88,1723.809,1621.713,0.000,0.000,0.000,0.000,1733.704,1673.059,ok,,0.05,0.0500,1
eval_AF9628-Martensitic_SEM-SE-Stitch_EBSD_SameSlice_1#0,SameSlice,AF9628-Martensitic_SEM-SE-Stitch_EBSD_SameSlice,ma_roma_ft,direct,0.1489,0.35657,39,10000,2191,homography,0.72,11739.116,6644.915,0.000,0.000,0.000,0.000,8062.412,7905.327,ok,,0.02,0.0200,0
eval_AF9628-Martensitic_SEM-SE-Stitch_EBSD_SameSlice_1#0,SameSlice,AF9628-Martensitic_SEM-SE-Stitch_EBSD_SameSlice,ma_roma_ft,pyramid_v2,0.1489,0.35657,39,10000,2183,affine@direct,0.90,8386.292,8023.597,0.000,0.000,0.000,0.000,8045.774,7741.351,ok,,0.02,0.0200,0
eval_AF9628-Martensitic_SEM-SE-Stitch_EBSD_SameSlice_1#1,SameSlice,AF9628-Martensitic_SEM-SE-Stitch_EBSD_SameSlice,ma_roma_ft,direct,0.7445,0.35657,39,10000,2227,affine,1.21,7.235,6.075,0.000,0.179,0.410,0.744,13.494,12.194,ok,,0.5,0.5000,18
eval_AF9628-Martensitic_SEM-SE-Stitch_EBSD_SameSlice_1#1,SameSlice,AF9628-Martensitic_SEM-SE-Stitch_EBSD_SameSlice,ma_roma_ft,pyramid_v2,0.7445,0.35657,39,10000,2303,affine@direct,1.28,7.679,8.640,0.026,0.128,0.231,0.744,13.623,9.211,ok,,0.5,0.5000,18
eval_AF9628-Martensitic_SEM-SE-Stitch_EBSD_SameSlice_1#1,SameSlice,AF9628-Martensitic_SEM-SE-Stitch_EBSD_SameSlice,ma_roma_ft,direct,0.5264,0.35657,39,10000,2709,homography,1.00,25.310,22.482,0.000,0.051,0.077,0.179,38.020,42.874,ok,,0.25,0.2500,10
eval_AF9628-Martensitic_SEM-SE-Stitch_EBSD_SameSlice_1#1,SameSlice,AF9628-Martensitic_SEM-SE-Stitch_EBSD_SameSlice,ma_roma_ft,pyramid_v2,0.5264,0.35657,39,10000,3520,affine@direct+zoom,3.26,8.405,7.118,0.026,0.077,0.179,0.692,22.879,21.800,ok,,0.25,0.2500,10
eval_AF9628-Martensitic_SEM-SE-Stitch_EBSD_SameSlice_1#1,SameSlice,AF9628-Martensitic_SEM-SE-Stitch_EBSD_SameSlice,ma_roma_ft,direct,0.3330,0.35657,39,10000,414,affine,0.80,3237.487,3269.481,0.000,0.000,0.000,0.000,3291.134,3294.877,ok,,0.1,0.1000,3
eval_AF9628-Martensitic_SEM-SE-Stitch_EBSD_SameSlice_1#1,SameSlice,AF9628-Martensitic_SEM-SE-Stitch_EBSD_SameSlice,ma_roma_ft,pyramid_v2,0.3330,0.35657,39,10000,489,affine@direct,0.90,3341.576,3364.544,0.000,0.000,0.000,0.000,3389.203,3436.606,ok,,0.1,0.1000,3
eval_AF9628-Martensitic_SEM-SE-Stitch_EBSD_SameSlice_1#1,SameSlice,AF9628-Martensitic_SEM-SE-Stitch_EBSD_SameSlice,ma_roma_ft,direct,0.2355,0.35657,39,10000,273,homography,0.82,12865.412,4161.701,0.000,0.000,0.000,0.000,6335.909,5891.358,ok,,0.05,0.0500,1
eval_AF9628-Martensitic_SEM-SE-Stitch_EBSD_SameSlice_1#1,SameSlice,AF9628-Martensitic_SEM-SE-Stitch_EBSD_SameSlice,ma_roma_ft,pyramid_v2,0.2355,0.35657,39,10000,207,affine@direct,0.77,6459.236,5911.139,0.000,0.000,0.000,0.000,6351.125,5778.526,ok,,0.05,0.0500,1
eval_AF9628-Martensitic_SEM-SE-Stitch_EBSD_SameSlice_1#1,SameSlice,AF9628-Martensitic_SEM-SE-Stitch_EBSD_SameSlice,ma_roma_ft,direct,0.1489,0.35657,39,10000,475,affine,0.80,1254.371,1182.735,0.000,0.000,0.000,0.000,1330.381,1254.882,ok,,0.02,0.0200,0
eval_AF9628-Martensitic_SEM-SE-Stitch_EBSD_SameSlice_1#1,SameSlice,AF9628-Martensitic_SEM-SE-Stitch_EBSD_SameSlice,ma_roma_ft,pyramid_v2,0.1489,0.35657,39,10000,412,affine@direct,1.59,1264.902,1222.963,0.000,0.000,0.000,0.000,1376.585,1164.030,ok,,0.02,0.0200,0
eval_AF9628-Martensitic_SEM-SE-Stitch_EBSD_SameSlice_1#2,SameSlice,AF9628-Martensitic_SEM-SE-Stitch_EBSD_SameSlice,ma_roma_ft,direct,0.7445,0.35657,39,10000,5738,affine,1.17,5.377,4.425,0.026,0.256,0.564,0.872,8.670,7.343,ok,,0.5,0.5000,18
eval_AF9628-Martensitic_SEM-SE-Stitch_EBSD_SameSlice_1#2,SameSlice,AF9628-Martensitic_SEM-SE-Stitch_EBSD_SameSlice,ma_roma_ft,pyramid_v2,0.7445,0.35657,39,10000,5720,affine@direct,1.23,5.389,4.840,0.026,0.256,0.564,0.897,7.615,5.354,ok,,0.5,0.5000,18
eval_AF9628-Martensitic_SEM-SE-Stitch_EBSD_SameSlice_1#2,SameSlice,AF9628-Martensitic_SEM-SE-Stitch_EBSD_SameSlice,ma_roma_ft,direct,0.5264,0.35657,39,10000,4131,homography,1.01,6.433,5.829,0.026,0.256,0.385,0.846,29.164,16.577,ok,,0.25,0.2500,10
eval_AF9628-Martensitic_SEM-SE-Stitch_EBSD_SameSlice_1#2,SameSlice,AF9628-Martensitic_SEM-SE-Stitch_EBSD_SameSlice,ma_roma_ft,pyramid_v2,0.5264,0.35657,39,10000,3835,affine@direct,2.04,7.068,6.129,0.026,0.103,0.410,0.769,29.971,19.940,ok,,0.25,0.2500,10
eval_AF9628-Martensitic_SEM-SE-Stitch_EBSD_SameSlice_1#2,SameSlice,AF9628-Martensitic_SEM-SE-Stitch_EBSD_SameSlice,ma_roma_ft,direct,0.3330,0.35657,39,10000,4446,homography,0.89,51.097,39.176,0.000,0.051,0.103,0.179,110.601,110.785,ok,,0.1,0.1000,3
eval_AF9628-Martensitic_SEM-SE-Stitch_EBSD_SameSlice_1#2,SameSlice,AF9628-Martensitic_SEM-SE-Stitch_EBSD_SameSlice,ma_roma_ft,pyramid_v2,0.3330,0.35657,39,10000,5550,affine@direct+zoom,2.55,7.766,7.192,0.000,0.103,0.308,0.641,40.793,41.894,ok,,0.1,0.1000,3
eval_AF9628-Martensitic_SEM-SE-Stitch_EBSD_SameSlice_1#2,SameSlice,AF9628-Martensitic_SEM-SE-Stitch_EBSD_SameSlice,ma_roma_ft,direct,0.2355,0.35657,39,10000,537,affine,0.80,1645.306,1551.796,0.000,0.000,0.000,0.000,1677.594,1604.937,ok,,0.05,0.0500,1
eval_AF9628-Martensitic_SEM-SE-Stitch_EBSD_SameSlice_1#2,SameSlice,AF9628-Martensitic_SEM-SE-Stitch_EBSD_SameSlice,ma_roma_ft,pyramid_v2,0.2355,0.35657,39,10000,530,affine@direct,1.75,4250.845,3758.167,0.000,0.000,0.000,0.000,4107.515,3645.306,ok,,0.05,0.0500,1
eval_AF9628-Martensitic_SEM-SE-Stitch_EBSD_SameSlice_1#2,SameSlice,AF9628-Martensitic_SEM-SE-Stitch_EBSD_SameSlice,ma_roma_ft,direct,0.1489,0.35657,39,10000,377,homography,0.79,21190.772,5706.542,0.000,0.000,0.000,0.000,6929.062,5880.398,ok,,0.02,0.0200,0
eval_AF9628-Martensitic_SEM-SE-Stitch_EBSD_SameSlice_1#2,SameSlice,AF9628-Martensitic_SEM-SE-Stitch_EBSD_SameSlice,ma_roma_ft,pyramid_v2,0.1489,0.35657,39,10000,582,homography@direct,0.82,20917.053,6449.405,0.000,0.000,0.000,0.000,7642.265,6449.454,ok,,0.02,0.0200,0
eval_AF9628-Martensitic_SEM-SE-Stitch_EBSD_SameSlice_2#0,SameSlice,AF9628-Martensitic_SEM-SE-Stitch_EBSD_SameSlice,ma_roma_ft,direct,0.6467,0.35658,37,10000,6690,homography,1.20,4.312,3.913,0.027,0.297,0.622,1.000,5.901,4.862,ok,,0.5,0.5001,20
eval_AF9628-Martensitic_SEM-SE-Stitch_EBSD_SameSlice_2#0,SameSlice,AF9628-Martensitic_SEM-SE-Stitch_EBSD_SameSlice,ma_roma_ft,pyramid_v2,0.6467,0.35658,37,10000,6700,homography@direct,1.35,4.205,3.702,0.000,0.351,0.649,1.000,5.413,4.727,ok,,0.5,0.5001,20
eval_AF9628-Martensitic_SEM-SE-Stitch_EBSD_SameSlice_2#0,SameSlice,AF9628-Martensitic_SEM-SE-Stitch_EBSD_SameSlice,ma_roma_ft,direct,0.4573,0.35658,37,10000,5882,affine,1.04,4.558,4.012,0.054,0.270,0.649,1.000,32.409,19.038,ok,,0.25,0.2500,11
eval_AF9628-Martensitic_SEM-SE-Stitch_EBSD_SameSlice_2#0,SameSlice,AF9628-Martensitic_SEM-SE-Stitch_EBSD_SameSlice,ma_roma_ft,pyramid_v2,0.4573,0.35658,37,10000,6074,affine@direct+zoom,3.25,3.885,3.969,0.054,0.324,0.703,1.000,21.864,18.135,ok,,0.25,0.2500,11
eval_AF9628-Martensitic_SEM-SE-Stitch_EBSD_SameSlice_2#0,SameSlice,AF9628-Martensitic_SEM-SE-Stitch_EBSD_SameSlice,ma_roma_ft,direct,0.2892,0.35658,37,10000,219,affine,0.90,1617.747,1538.390,0.000,0.000,0.000,0.000,1669.081,1608.913,ok,,0.1,0.1000,6
eval_AF9628-Martensitic_SEM-SE-Stitch_EBSD_SameSlice_2#0,SameSlice,AF9628-Martensitic_SEM-SE-Stitch_EBSD_SameSlice,ma_roma_ft,pyramid_v2,0.2892,0.35658,37,10000,245,affine@direct,0.93,3478.078,3211.501,0.000,0.000,0.000,0.000,3408.797,3218.611,ok,,0.1,0.1000,6
eval_AF9628-Martensitic_SEM-SE-Stitch_EBSD_SameSlice_2#0,SameSlice,AF9628-Martensitic_SEM-SE-Stitch_EBSD_SameSlice,ma_roma_ft,direct,0.2045,0.35658,37,10000,183,affine,0.87,2247.585,2005.330,0.000,0.000,0.000,0.000,2289.635,2023.425,ok,,0.05,0.0500,3
eval_AF9628-Martensitic_SEM-SE-Stitch_EBSD_SameSlice_2#0,SameSlice,AF9628-Martensitic_SEM-SE-Stitch_EBSD_SameSlice,ma_roma_ft,pyramid_v2,0.2045,0.35658,37,10000,686,homography@direct+zoom,3.56,805.926,273.101,0.000,0.000,0.000,0.054,63.690,60.253,ok,,0.05,0.0500,3
eval_AF9628-Martensitic_SEM-SE-Stitch_EBSD_SameSlice_2#0,SameSlice,AF9628-Martensitic_SEM-SE-Stitch_EBSD_SameSlice,ma_roma_ft,direct,0.1294,0.35658,37,10000,149,affine,0.82,7235.726,7433.408,0.000,0.000,0.000,0.000,7358.468,7388.255,ok,,0.02,0.0200,1
eval_AF9628-Martensitic_SEM-SE-Stitch_EBSD_SameSlice_2#0,SameSlice,AF9628-Martensitic_SEM-SE-Stitch_EBSD_SameSlice,ma_roma_ft,pyramid_v2,0.1294,0.35658,37,10000,245,affine@direct,0.82,5148.722,4841.030,0.000,0.000,0.000,0.000,5128.099,4815.893,ok,,0.02,0.0200,1
eval_AF9628-Martensitic_SEM-SE-Stitch_EBSD_SameSlice_2#2,SameSlice,AF9628-Martensitic_SEM-SE-Stitch_EBSD_SameSlice,ma_roma_ft,direct,0.6467,0.35658,37,10000,5256,homography,1.20,5.116,4.487,0.027,0.162,0.568,0.946,6.283,5.359,ok,,0.5,0.5001,20
eval_AF9628-Martensitic_SEM-SE-Stitch_EBSD_SameSlice_2#2,SameSlice,AF9628-Martensitic_SEM-SE-Stitch_EBSD_SameSlice,ma_roma_ft,pyramid_v2,0.6467,0.35658,37,10000,5153,affine@direct,1.34,5.500,5.297,0.000,0.189,0.486,0.919,6.736,5.309,ok,,0.5,0.5001,20
eval_AF9628-Martensitic_SEM-SE-Stitch_EBSD_SameSlice_2#2,SameSlice,AF9628-Martensitic_SEM-SE-Stitch_EBSD_SameSlice,ma_roma_ft,direct,0.4573,0.35658,37,10000,4971,homography,1.03,5.155,4.453,0.000,0.216,0.514,0.946,20.091,12.425,ok,,0.25,0.2500,11
eval_AF9628-Martensitic_SEM-SE-Stitch_EBSD_SameSlice_2#2,SameSlice,AF9628-Martensitic_SEM-SE-Stitch_EBSD_SameSlice,ma_roma_ft,pyramid_v2,0.4573,0.35658,37,10000,4972,homography@direct,2.12,5.205,4.482,0.000,0.216,0.514,0.946,25.467,11.991,ok,,0.25,0.2500,11
eval_AF9628-Martensitic_SEM-SE-Stitch_EBSD_SameSlice_2#2,SameSlice,AF9628-Martensitic_SEM-SE-Stitch_EBSD_SameSlice,ma_roma_ft,direct,0.2892,0.35658,37,10000,4452,affine,0.83,5.539,5.106,0.000,0.135,0.486,0.946,49.481,41.038,ok,,0.1,0.1000,6
eval_AF9628-Martensitic_SEM-SE-Stitch_EBSD_SameSlice_2#2,SameSlice,AF9628-Martensitic_SEM-SE-Stitch_EBSD_SameSlice,ma_roma_ft,pyramid_v2,0.2892,0.35658,37,10000,6706,homography@direct+zoom,2.74,5.822,4.771,0.000,0.108,0.514,0.892,29.509,30.970,ok,,0.1,0.1000,6
eval_AF9628-Martensitic_SEM-SE-Stitch_EBSD_SameSlice_2#2,SameSlice,AF9628-Martensitic_SEM-SE-Stitch_EBSD_SameSlice,ma_roma_ft,direct,0.2045,0.35658,37,10000,1078,homography,0.88,103.839,81.358,0.000,0.000,0.000,0.000,112.074,96.117,ok,,0.05,0.0500,3
eval_AF9628-Martensitic_SEM-SE-Stitch_EBSD_SameSlice_2#2,SameSlice,AF9628-Martensitic_SEM-SE-Stitch_EBSD_SameSlice,ma_roma_ft,pyramid_v2,0.2045,0.35658,37,10000,8333,homography@direct+zoom,3.55,14.868,11.744,0.000,0.000,0.243,0.432,50.616,37.611,ok,,0.05,0.0500,3
eval_AF9628-Martensitic_SEM-SE-Stitch_EBSD_SameSlice_2#2,SameSlice,AF9628-Martensitic_SEM-SE-Stitch_EBSD_SameSlice,ma_roma_ft,direct,0.1294,0.35658,37,10000,533,affine,0.84,1674.574,1527.909,0.000,0.000,0.000,0.000,1846.134,1701.500,ok,,0.02,0.0200,1
eval_AF9628-Martensitic_SEM-SE-Stitch_EBSD_SameSlice_2#2,SameSlice,AF9628-Martensitic_SEM-SE-Stitch_EBSD_SameSlice,ma_roma_ft,pyramid_v2,0.1294,0.35658,37,10000,468,homography@direct+zoom,2.62,4229.650,2360.776,0.000,0.000,0.000,0.000,2155.289,2105.670,ok,,0.02,0.0200,1
eval_AF9628-Martensitic_SEM-SE-Stitch_EBSD_SameSlice_3#0,SameSlice,AF9628-Martensitic_SEM-SE-Stitch_EBSD_SameSlice,ma_roma_ft,direct,,,,,,,,,,,,,,,,skipped,rung_not_below_base,0.5,,
eval_AF9628-Martensitic_SEM-SE-Stitch_EBSD_SameSlice_3#0,SameSlice,AF9628-Martensitic_SEM-SE-Stitch_EBSD_SameSlice,ma_roma_ft,pyramid_v2,,,,,,,,,,,,,,,,skipped,rung_not_below_base,0.5,,
eval_AF9628-Martensitic_SEM-SE-Stitch_EBSD_SameSlice_3#0,SameSlice,AF9628-Martensitic_SEM-SE-Stitch_EBSD_SameSlice,ma_roma_ft,direct,,,,,,,,,,,,,,,,skipped,rung_not_below_base,0.25,,
eval_AF9628-Martensitic_SEM-SE-Stitch_EBSD_SameSlice_3#0,SameSlice,AF9628-Martensitic_SEM-SE-Stitch_EBSD_SameSlice,ma_roma_ft,pyramid_v2,,,,,,,,,,,,,,,,skipped,rung_not_below_base,0.25,,
eval_AF9628-Martensitic_SEM-SE-Stitch_EBSD_SameSlice_3#0,SameSlice,AF9628-Martensitic_SEM-SE-Stitch_EBSD_SameSlice,ma_roma_ft,direct,,,,,,,,,,,,,,,,skipped,rung_not_below_base,0.1,,
eval_AF9628-Martensitic_SEM-SE-Stitch_EBSD_SameSlice_3#0,SameSlice,AF9628-Martensitic_SEM-SE-Stitch_EBSD_SameSlice,ma_roma_ft,pyramid_v2,,,,,,,,,,,,,,,,skipped,rung_not_below_base,0.1,,
eval_AF9628-Martensitic_SEM-SE-Stitch_EBSD_SameSlice_3#0,SameSlice,AF9628-Martensitic_SEM-SE-Stitch_EBSD_SameSlice,ma_roma_ft,direct,,,,,,,,,,,,,,,,skipped,rung_not_below_base,0.05,,
eval_AF9628-Martensitic_SEM-SE-Stitch_EBSD_SameSlice_3#0,SameSlice,AF9628-Martensitic_SEM-SE-Stitch_EBSD_SameSlice,ma_roma_ft,pyramid_v2,,,,,,,,,,,,,,,,skipped,rung_not_below_base,0.05,,
eval_AF9628-Martensitic_SEM-SE-Stitch_EBSD_SameSlice_3#0,SameSlice,AF9628-Martensitic_SEM-SE-Stitch_EBSD_SameSlice,ma_roma_ft,direct,,,,,,,,,,,,,,,,skipped,rung_not_below_base,0.02,,
eval_AF9628-Martensitic_SEM-SE-Stitch_EBSD_SameSlice_3#0,SameSlice,AF9628-Martensitic_SEM-SE-Stitch_EBSD_SameSlice,ma_roma_ft,pyramid_v2,,,,,,,,,,,,,,,,skipped,rung_not_below_base,0.02,,
eval_AF9628-Martensitic_SEM-SE-Stitch_EBSD_SameSlice_3#2,SameSlice,AF9628-Martensitic_SEM-SE-Stitch_EBSD_SameSlice,ma_roma_ft,direct,,,,,,,,,,,,,,,,skipped,rung_not_below_base,0.5,,
eval_AF9628-Martensitic_SEM-SE-Stitch_EBSD_SameSlice_3#2,SameSlice,AF9628-Martensitic_SEM-SE-Stitch_EBSD_SameSlice,ma_roma_ft,pyramid_v2,,,,,,,,,,,,,,,,skipped,rung_not_below_base,0.5,,
eval_AF9628-Martensitic_SEM-SE-Stitch_EBSD_SameSlice_3#2,SameSlice,AF9628-Martensitic_SEM-SE-Stitch_EBSD_SameSlice,ma_roma_ft,direct,,,,,,,,,,,,,,,,skipped,rung_not_below_base,0.25,,
eval_AF9628-Martensitic_SEM-SE-Stitch_EBSD_SameSlice_3#2,SameSlice,AF9628-Martensitic_SEM-SE-Stitch_EBSD_SameSlice,ma_roma_ft,pyramid_v2,,,,,,,,,,,,,,,,skipped,rung_not_below_base,0.25,,
eval_AF9628-Martensitic_SEM-SE-Stitch_EBSD_SameSlice_3#2,SameSlice,AF9628-Martensitic_SEM-SE-Stitch_EBSD_SameSlice,ma_roma_ft,direct,,,,,,,,,,,,,,,,skipped,rung_not_below_base,0.1,,
eval_AF9628-Martensitic_SEM-SE-Stitch_EBSD_SameSlice_3#2,SameSlice,AF9628-Martensitic_SEM-SE-Stitch_EBSD_SameSlice,ma_roma_ft,pyramid_v2,,,,,,,,,,,,,,,,skipped,rung_not_below_base,0.1,,
eval_AF9628-Martensitic_SEM-SE-Stitch_EBSD_SameSlice_3#2,SameSlice,AF9628-Martensitic_SEM-SE-Stitch_EBSD_SameSlice,ma_roma_ft,direct,,,,,,,,,,,,,,,,skipped,rung_not_below_base,0.05,,
eval_AF9628-Martensitic_SEM-SE-Stitch_EBSD_SameSlice_3#2,SameSlice,AF9628-Martensitic_SEM-SE-Stitch_EBSD_SameSlice,ma_roma_ft,pyramid_v2,,,,,,,,,,,,,,,,skipped,rung_not_below_base,0.05,,
eval_AF9628-Martensitic_SEM-SE-Stitch_EBSD_SameSlice_3#2,SameSlice,AF9628-Martensitic_SEM-SE-Stitch_EBSD_SameSlice,ma_roma_ft,direct,,,,,,,,,,,,,,,,skipped,rung_not_below_base,0.02,,
eval_AF9628-Martensitic_SEM-SE-Stitch_EBSD_SameSlice_3#2,SameSlice,AF9628-Martensitic_SEM-SE-Stitch_EBSD_SameSlice,ma_roma_ft,pyramid_v2,,,,,,,,,,,,,,,,skipped,rung_not_below_base,0.02,,
eval_AF9628-Martensitic_SEM-SE-Stitch_EBSD_SameSlice_4#0,SameSlice,AF9628-Martensitic_SEM-SE-Stitch_EBSD_SameSlice,ma_roma_ft,direct,0.7313,0.35637,53,10000,5713,affine,1.18,8.309,6.666,0.057,0.208,0.396,0.755,8.555,6.873,ok,,0.5,0.5001,28
eval_AF9628-Martensitic_SEM-SE-Stitch_EBSD_SameSlice_4#0,SameSlice,AF9628-Martensitic_SEM-SE-Stitch_EBSD_SameSlice,ma_roma_ft,pyramid_v2,0.7313,0.35637,53,10000,5877,affine@direct,1.24,8.731,6.572,0.019,0.170,0.358,0.755,8.271,6.289,ok,,0.5,0.5001,28
eval_AF9628-Martensitic_SEM-SE-Stitch_EBSD_SameSlice_4#0,SameSlice,AF9628-Martensitic_SEM-SE-Stitch_EBSD_SameSlice,ma_roma_ft,direct,0.5171,0.35637,53,10000,5094,affine,1.03,7.374,4.504,0.057,0.245,0.566,0.811,16.902,12.799,ok,,0.25,0.2500,14
eval_AF9628-Martensitic_SEM-SE-Stitch_EBSD_SameSlice_4#0,SameSlice,AF9628-Martensitic_SEM-SE-Stitch_EBSD_SameSlice,ma_roma_ft,pyramid_v2,0.5171,0.35637,53,10000,5281,affine@direct,2.03,7.187,4.539,0.038,0.283,0.566,0.811,29.126,23.209,ok,,0.25,0.2500,14
eval_AF9628-Martensitic_SEM-SE-Stitch_EBSD_SameSlice_4#0,SameSlice,AF9628-Martensitic_SEM-SE-Stitch_EBSD_SameSlice,ma_roma_ft,direct,0.3271,0.35637,53,10000,3034,affine,0.90,17.863,14.222,0.000,0.019,0.094,0.245,47.435,45.569,ok,,0.1,0.1000,7
eval_AF9628-Martensitic_SEM-SE-Stitch_EBSD_SameSlice_4#0,SameSlice,AF9628-Martensitic_SEM-SE-Stitch_EBSD_SameSlice,ma_roma_ft,pyramid_v2,0.3271,0.35637,53,10000,7929,homography@direct+zoom,2.57,10.518,7.624,0.000,0.094,0.226,0.566,35.995,31.562,ok,,0.1,0.1000,7
eval_AF9628-Martensitic_SEM-SE-Stitch_EBSD_SameSlice_4#0,SameSlice,AF9628-Martensitic_SEM-SE-Stitch_EBSD_SameSlice,ma_roma_ft,direct,0.2313,0.35637,53,10000,550,affine,0.81,1113.369,1042.619,0.000,0.000,0.000,0.000,1104.180,1041.507,ok,,0.05,0.0500,4
eval_AF9628-Martensitic_SEM-SE-Stitch_EBSD_SameSlice_4#0,SameSlice,AF9628-Martensitic_SEM-SE-Stitch_EBSD_SameSlice,ma_roma_ft,pyramid_v2,0.2313,0.35637,53,10000,8999,affine@direct+zoom,3.32,7.678,4.264,0.000,0.283,0.566,0.792,78.478,81.677,ok,,0.05,0.0500,4
eval_AF9628-Martensitic_SEM-SE-Stitch_EBSD_SameSlice_4#0,SameSlice,AF9628-Martensitic_SEM-SE-Stitch_EBSD_SameSlice,ma_roma_ft,direct,0.1463,0.35637,53,10000,908,affine,0.84,2671.605,2519.645,0.000,0.000,0.000,0.000,2842.952,2694.850,ok,,0.02,0.0200,4
eval_AF9628-Martensitic_SEM-SE-Stitch_EBSD_SameSlice_4#0,SameSlice,AF9628-Martensitic_SEM-SE-Stitch_EBSD_SameSlice,ma_roma_ft,pyramid_v2,0.1463,0.35637,53,10000,728,affine@direct+zoom,2.46,2029.630,2009.113,0.000,0.000,0.000,0.000,2058.264,2016.764,ok,,0.02,0.0200,4
eval_AF9628-Martensitic_SEM-SE-Stitch_EBSD_SameSlice_4#1,SameSlice,AF9628-Martensitic_SEM-SE-Stitch_EBSD_SameSlice,ma_roma_ft,direct,0.7313,0.35637,53,10000,3911,homography,1.23,8.913,5.406,0.000,0.132,0.491,0.736,10.611,7.298,ok,,0.5,0.5001,28
eval_AF9628-Martensitic_SEM-SE-Stitch_EBSD_SameSlice_4#1,SameSlice,AF9628-Martensitic_SEM-SE-Stitch_EBSD_SameSlice,ma_roma_ft,pyramid_v2,0.7313,0.35637,53,10000,3615,homography@direct,1.37,15.533,9.720,0.019,0.075,0.226,0.509,14.976,11.533,ok,,0.5,0.5001,28
eval_AF9628-Martensitic_SEM-SE-Stitch_EBSD_SameSlice_4#1,SameSlice,AF9628-Martensitic_SEM-SE-Stitch_EBSD_SameSlice,ma_roma_ft,direct,0.5171,0.35637,53,10000,6777,homography,1.02,8.526,5.406,0.019,0.170,0.434,0.792,25.517,19.705,ok,,0.25,0.2500,14
eval_AF9628-Martensitic_SEM-SE-Stitch_EBSD_SameSlice_4#1,SameSlice,AF9628-Martensitic_SEM-SE-Stitch_EBSD_SameSlice,ma_roma_ft,pyramid_v2,0.5171,0.35637,53,10000,4873,homography@direct+zoom,3.09,7.503,5.207,0.019,0.226,0.453,0.736,47.221,31.458,ok,,0.25,0.2500,14
eval_AF9628-Martensitic_SEM-SE-Stitch_EBSD_SameSlice_4#1,SameSlice,AF9628-Martensitic_SEM-SE-Stitch_EBSD_SameSlice,ma_roma_ft,direct,0.3271,0.35637,53,10000,552,affine,0.89,1459.432,1348.489,0.000,0.000,0.000,0.000,1452.285,1439.242,ok,,0.1,0.1000,7
eval_AF9628-Martensitic_SEM-SE-Stitch_EBSD_SameSlice_4#1,SameSlice,AF9628-Martensitic_SEM-SE-Stitch_EBSD_SameSlice,ma_roma_ft,pyramid_v2,0.3271,0.35637,53,10000,539,homography@direct,0.93,3039.286,1847.987,0.000,0.000,0.000,0.000,2048.552,1915.484,ok,,0.1,0.1000,7
eval_AF9628-Martensitic_SEM-SE-Stitch_EBSD_SameSlice_4#1,SameSlice,AF9628-Martensitic_SEM-SE-Stitch_EBSD_SameSlice,ma_roma_ft,direct,0.2313,0.35637,53,10000,1044,homography,0.80,2569.943,2306.521,0.000,0.000,0.000,0.000,2716.135,2486.560,ok,,0.05,0.0500,4
eval_AF9628-Martensitic_SEM-SE-Stitch_EBSD_SameSlice_4#1,SameSlice,AF9628-Martensitic_SEM-SE-Stitch_EBSD_SameSlice,ma_roma_ft,pyramid_v2,0.2313,0.35637,53,10000,1217,homography@direct,0.89,2699.232,2217.873,0.000,0.000,0.000,0.000,2675.694,2466.922,ok,,0.05,0.0500,4
eval_AF9628-Martensitic_SEM-SE-Stitch_EBSD_SameSlice_4#1,SameSlice,AF9628-Martensitic_SEM-SE-Stitch_EBSD_SameSlice,ma_roma_ft,direct,0.1463,0.35637,53,10000,667,homography,0.85,6502.165,6403.433,0.000,0.000,0.000,0.000,6385.582,6372.226,ok,,0.02,0.0200,4
eval_AF9628-Martensitic_SEM-SE-Stitch_EBSD_SameSlice_4#1,SameSlice,AF9628-Martensitic_SEM-SE-Stitch_EBSD_SameSlice,ma_roma_ft,pyramid_v2,0.1463,0.35637,53,10000,724,affine@direct,0.89,6490.584,6748.938,0.000,0.000,0.000,0.000,6101.315,6332.148,ok,,0.02,0.0200,4
eval_AF9628-Martensitic_SEM-SE-Stitch_EBSD_SameSlice_4#2,SameSlice,AF9628-Martensitic_SEM-SE-Stitch_EBSD_SameSlice,ma_roma_ft,direct,0.7313,0.35637,53,10000,5546,homography,1.11,7.686,5.758,0.019,0.245,0.434,0.774,8.845,7.529,ok,,0.5,0.5001,28
eval_AF9628-Martensitic_SEM-SE-Stitch_EBSD_SameSlice_4#2,SameSlice,AF9628-Martensitic_SEM-SE-Stitch_EBSD_SameSlice,ma_roma_ft,pyramid_v2,0.7313,0.35637,53,10000,6368,affine@direct,1.28,6.906,4.940,0.038,0.226,0.509,0.792,8.143,7.351,ok,,0.5,0.5001,28
eval_AF9628-Martensitic_SEM-SE-Stitch_EBSD_SameSlice_4#2,SameSlice,AF9628-Martensitic_SEM-SE-Stitch_EBSD_SameSlice,ma_roma_ft,direct,0.5171,0.35637,53,10000,5277,homography,0.91,8.537,5.049,0.019,0.151,0.491,0.774,27.490,18.810,ok,,0.25,0.2500,14
eval_AF9628-Martensitic_SEM-SE-Stitch_EBSD_SameSlice_4#2,SameSlice,AF9628-Martensitic_SEM-SE-Stitch_EBSD_SameSlice,ma_roma_ft,pyramid_v2,0.5171,0.35637,53,10000,5244,affine@direct,2.00,8.034,5.312,0.000,0.189,0.434,0.755,29.351,12.601,ok,,0.25,0.2500,14
eval_AF9628-Martensitic_SEM-SE-Stitch_EBSD_SameSlice_4#2,SameSlice,AF9628-Martensitic_SEM-SE-Stitch_EBSD_SameSlice,ma_roma_ft,direct,0.3271,0.35637,53,10000,4395,affine,0.87,12.065,8.231,0.000,0.019,0.189,0.642,41.230,36.398,ok,,0.1,0.1000,7
eval_AF9628-Martensitic_SEM-SE-Stitch_EBSD_SameSlice_4#2,SameSlice,AF9628-Martensitic_SEM-SE-Stitch_EBSD_SameSlice,ma_roma_ft,pyramid_v2,0.3271,0.35637,53,10000,7987,affine@direct+zoom,3.28,8.993,5.778,0.019,0.132,0.377,0.774,26.944,23.213,ok,,0.1,0.1000,7
eval_AF9628-Martensitic_SEM-SE-Stitch_EBSD_SameSlice_4#2,SameSlice,AF9628-Martensitic_SEM-SE-Stitch_EBSD_SameSlice,ma_roma_ft,direct,0.2313,0.35637,53,10000,243,homography,0.73,6770.970,5339.681,0.000,0.000,0.000,0.000,5009.292,5113.182,ok,,0.05,0.0500,4
eval_AF9628-Martensitic_SEM-SE-Stitch_EBSD_SameSlice_4#2,SameSlice,AF9628-Martensitic_SEM-SE-Stitch_EBSD_SameSlice,ma_roma_ft,pyramid_v2,0.2313,0.35637,53,10000,162,homography@direct,0.86,4615.186,4096.547,0.000,0.000,0.000,0.000,4376.756,4355.566,ok,,0.05,0.0500,4
eval_AF9628-Martensitic_SEM-SE-Stitch_EBSD_SameSlice_4#2,SameSlice,AF9628-Martensitic_SEM-SE-Stitch_EBSD_SameSlice,ma_roma_ft,direct,0.1463,0.35637,53,10000,437,affine,0.78,11084.560,11415.019,0.000,0.000,0.000,0.000,10928.652,11179.892,ok,,0.02,0.0200,4
eval_AF9628-Martensitic_SEM-SE-Stitch_EBSD_SameSlice_4#2,SameSlice,AF9628-Martensitic_SEM-SE-Stitch_EBSD_SameSlice,ma_roma_ft,pyramid_v2,0.1463,0.35637,53,10000,280,affine@direct,0.76,11319.755,11386.233,0.000,0.000,0.000,0.000,11225.483,11413.659,ok,,0.02,0.0200,4
eval_C103_SEM-SE_LOM-DC-Height_FractureSurfaces_0#0,FractureSurfaces,C103_SEM-SE_LOM-DC-Height_FractureSurfaces,ma_roma_ft,direct,0.8632,1.95136,41,10000,1838,affine,0.96,11.438,8.774,0.024,0.073,0.195,0.585,15.015,13.070,ok,,0.5,0.4999,41
eval_C103_SEM-SE_LOM-DC-Height_FractureSurfaces_0#0,FractureSurfaces,C103_SEM-SE_LOM-DC-Height_FractureSurfaces,ma_roma_ft,pyramid_v2,0.8632,1.95136,41,10000,1948,homography@direct,1.03,24.980,18.770,0.000,0.024,0.049,0.220,21.873,19.106,ok,,0.5,0.4999,41
eval_C103_SEM-SE_LOM-DC-Height_FractureSurfaces_0#0,FractureSurfaces,C103_SEM-SE_LOM-DC-Height_FractureSurfaces,ma_roma_ft,direct,0.6101,1.95136,41,10000,1976,homography,0.99,27.821,16.793,0.000,0.000,0.073,0.317,23.363,18.974,ok,,0.25,0.2498,40
eval_C103_SEM-SE_LOM-DC-Height_FractureSurfaces_0#0,FractureSurfaces,C103_SEM-SE_LOM-DC-Height_FractureSurfaces,ma_roma_ft,pyramid_v2,0.6101,1.95136,41,10000,5792,affine@direct+zoom,3.75,11.693,9.086,0.024,0.049,0.195,0.561,11.678,9.444,ok,,0.25,0.2498,40
eval_C103_SEM-SE_LOM-DC-Height_FractureSurfaces_0#0,FractureSurfaces,C103_SEM-SE_LOM-DC-Height_FractureSurfaces,ma_roma_ft,direct,0.3857,1.95136,41,10000,632,homography,0.91,1493.676,1461.024,0.000,0.000,0.000,0.000,1313.957,1236.819,ok,,0.1,0.1000,28
eval_C103_SEM-SE_LOM-DC-Height_FractureSurfaces_0#0,FractureSurfaces,C103_SEM-SE_LOM-DC-Height_FractureSurfaces,ma_roma_ft,pyramid_v2,0.3857,1.95136,41,10000,813,affine@direct,1.76,975.519,846.975,0.000,0.000,0.000,0.000,1024.379,902.792,ok,,0.1,0.1000,28
eval_C103_SEM-SE_LOM-DC-Height_FractureSurfaces_0#0,FractureSurfaces,C103_SEM-SE_LOM-DC-Height_FractureSurfaces,ma_roma_ft,direct,0.2732,1.95136,41,10000,262,homography,0.83,2225.770,1946.982,0.000,0.000,0.000,0.000,1983.841,1892.254,ok,,0.05,0.0501,16
eval_C103_SEM-SE_LOM-DC-Height_FractureSurfaces_0#0,FractureSurfaces,C103_SEM-SE_LOM-DC-Height_FractureSurfaces,ma_roma_ft,pyramid_v2,0.2732,1.95136,41,10000,338,affine@direct,0.84,2764.482,2229.299,0.000,0.000,0.000,0.000,2688.817,2228.394,ok,,0.05,0.0501,16
eval_C103_SEM-SE_LOM-DC-Height_FractureSurfaces_0#0,FractureSurfaces,C103_SEM-SE_LOM-DC-Height_FractureSurfaces,ma_roma_ft,direct,0.1724,1.95136,41,10000,919,affine,0.82,3953.675,3914.464,0.000,0.000,0.000,0.000,3981.326,3942.285,ok,,0.02,0.0200,10
eval_C103_SEM-SE_LOM-DC-Height_FractureSurfaces_0#0,FractureSurfaces,C103_SEM-SE_LOM-DC-Height_FractureSurfaces,ma_roma_ft,pyramid_v2,0.1724,1.95136,41,10000,901,affine@direct,0.81,3934.273,3890.686,0.000,0.000,0.000,0.000,3848.983,3862.221,ok,,0.02,0.0200,10
eval_C103_SEM-SE_LOM-DC-Height_FractureSurfaces_0#1,FractureSurfaces,C103_SEM-SE_LOM-DC-Height_FractureSurfaces,ma_roma_ft,direct,0.8632,1.95136,41,10000,804,affine,0.88,21.637,21.817,0.000,0.000,0.049,0.122,19.259,18.786,ok,,0.5,0.4999,41
eval_C103_SEM-SE_LOM-DC-Height_FractureSurfaces_0#1,FractureSurfaces,C103_SEM-SE_LOM-DC-Height_FractureSurfaces,ma_roma_ft,pyramid_v2,0.8632,1.95136,41,10000,666,homography@direct,0.89,22.735,20.909,0.000,0.000,0.024,0.073,19.986,18.423,ok,,0.5,0.4999,41
eval_C103_SEM-SE_LOM-DC-Height_FractureSurfaces_0#1,FractureSurfaces,C103_SEM-SE_LOM-DC-Height_FractureSurfaces,ma_roma_ft,direct,0.6101,1.95136,41,10000,916,affine,0.91,19.750,17.704,0.000,0.000,0.024,0.146,23.796,21.314,ok,,0.25,0.2498,40
eval_C103_SEM-SE_LOM-DC-Height_FractureSurfaces_0#1,FractureSurfaces,C103_SEM-SE_LOM-DC-Height_FractureSurfaces,ma_roma_ft,pyramid_v2,0.6101,1.95136,41,10000,567,affine@direct+zoom,2.68,21.591,16.997,0.000,0.000,0.000,0.098,28.615,22.258,ok,,0.25,0.2498,40
eval_C103_SEM-SE_LOM-DC-Height_FractureSurfaces_0#1,FractureSurfaces,C103_SEM-SE_LOM-DC-Height_FractureSurfaces,ma_roma_ft,direct,0.3857,1.95136,41,10000,264,homography,0.80,752.041,561.791,0.000,0.000,0.000,0.000,818.950,809.992,ok,,0.1,0.1000,28
eval_C103_SEM-SE_LOM-DC-Height_FractureSurfaces_0#1,FractureSurfaces,C103_SEM-SE_LOM-DC-Height_FractureSurfaces,ma_roma_ft,pyramid_v2,0.3857,1.95136,41,10000,435,affine@direct,1.57,2097.351,1899.477,0.000,0.000,0.000,0.000,2146.742,1921.585,ok,,0.1,0.1000,28
eval_C103_SEM-SE_LOM-DC-Height_FractureSurfaces_0#1,FractureSurfaces,C103_SEM-SE_LOM-DC-Height_FractureSurfaces,ma_roma_ft,direct,0.2732,1.95136,41,10000,369,affine,0.79,2399.833,2165.204,0.000,0.000,0.000,0.000,2361.571,2192.172,ok,,0.05,0.0501,16
eval_C103_SEM-SE_LOM-DC-Height_FractureSurfaces_0#1,FractureSurfaces,C103_SEM-SE_LOM-DC-Height_FractureSurfaces,ma_roma_ft,pyramid_v2,0.2732,1.95136,41,10000,359,affine@direct,0.76,1976.390,1739.418,0.000,0.000,0.000,0.000,1976.997,1727.091,ok,,0.05,0.0501,16
eval_C103_SEM-SE_LOM-DC-Height_FractureSurfaces_0#1,FractureSurfaces,C103_SEM-SE_LOM-DC-Height_FractureSurfaces,ma_roma_ft,direct,0.1724,1.95136,41,10000,325,affine,0.77,3492.022,3218.627,0.000,0.000,0.000,0.000,3476.614,3226.603,ok,,0.02,0.0200,10
eval_C103_SEM-SE_LOM-DC-Height_FractureSurfaces_0#1,FractureSurfaces,C103_SEM-SE_LOM-DC-Height_FractureSurfaces,ma_roma_ft,pyramid_v2,0.1724,1.95136,41,10000,343,affine@direct,0.78,3519.290,3264.534,0.000,0.000,0.000,0.000,3498.522,3219.666,ok,,0.02,0.0200,10
eval_C103_SEM-SE_LOM-DC-Height_FractureSurfaces_1#0,FractureSurfaces,C103_SEM-SE_LOM-DC-Height_FractureSurfaces,ma_roma_ft,direct,0.5985,0.29986,34,10000,897,affine,0.85,348.270,358.028,0.000,0.000,0.000,0.000,354.907,360.353,ok,,0.5,0.5000,34
eval_C103_SEM-SE_LOM-DC-Height_FractureSurfaces_1#0,FractureSurfaces,C103_SEM-SE_LOM-DC-Height_FractureSurfaces,ma_roma_ft,pyramid_v2,0.5985,0.29986,34,10000,850,affine@direct,1.97,347.718,360.107,0.000,0.000,0.000,0.000,354.132,360.614,ok,,0.5,0.5000,34
eval_C103_SEM-SE_LOM-DC-Height_FractureSurfaces_1#0,FractureSurfaces,C103_SEM-SE_LOM-DC-Height_FractureSurfaces,ma_roma_ft,direct,0.4232,0.29986,34,10000,1213,homography,0.87,303.248,321.884,0.000,0.000,0.000,0.000,322.846,340.692,ok,,0.25,0.2500,32
eval_C103_SEM-SE_LOM-DC-Height_FractureSurfaces_1#0,FractureSurfaces,C103_SEM-SE_LOM-DC-Height_FractureSurfaces,ma_roma_ft,pyramid_v2,0.4232,0.29986,34,10000,821,affine@direct+zoom,1.82,696.585,709.160,0.000,0.000,0.000,0.000,667.332,689.027,ok,,0.25,0.2500,32
eval_C103_SEM-SE_LOM-DC-Height_FractureSurfaces_1#0,FractureSurfaces,C103_SEM-SE_LOM-DC-Height_FractureSurfaces,ma_roma_ft,direct,0.2676,0.29986,34,10000,998,affine,0.91,506.696,533.050,0.000,0.000,0.000,0.000,529.151,566.034,ok,,0.1,0.1000,23
eval_C103_SEM-SE_LOM-DC-Height_FractureSurfaces_1#0,FractureSurfaces,C103_SEM-SE_LOM-DC-Height_FractureSurfaces,ma_roma_ft,pyramid_v2,0.2676,0.29986,34,10000,1005,affine@direct,0.91,505.294,530.695,0.000,0.000,0.000,0.000,527.350,565.559,ok,,0.1,0.1000,23
eval_C103_SEM-SE_LOM-DC-Height_FractureSurfaces_1#0,FractureSurfaces,C103_SEM-SE_LOM-DC-Height_FractureSurfaces,ma_roma_ft,direct,0.1894,0.29986,34,10000,897,affine,0.79,872.871,878.461,0.000,0.000,0.000,0.000,852.169,867.787,ok,,0.05,0.0500,16
eval_C103_SEM-SE_LOM-DC-Height_FractureSurfaces_1#0,FractureSurfaces,C103_SEM-SE_LOM-DC-Height_FractureSurfaces,ma_roma_ft,pyramid_v2,0.1894,0.29986,34,10000,848,affine@direct,1.81,862.705,868.814,0.000,0.000,0.000,0.000,855.818,867.534,ok,,0.05,0.0500,16
eval_C103_SEM-SE_LOM-DC-Height_FractureSurfaces_1#0,FractureSurfaces,C103_SEM-SE_LOM-DC-Height_FractureSurfaces,ma_roma_ft,direct,0.1197,0.29986,34,10000,1596,affine,0.74,1130.508,1162.622,0.000,0.000,0.000,0.000,1146.780,1184.537,ok,,0.02,0.0200,8
eval_C103_SEM-SE_LOM-DC-Height_FractureSurfaces_1#0,FractureSurfaces,C103_SEM-SE_LOM-DC-Height_FractureSurfaces,ma_roma_ft,pyramid_v2,0.1197,0.29986,34,10000,1645,homography@direct,0.75,1244.460,1266.875,0.000,0.000,0.000,0.000,1141.748,1173.572,ok,,0.02,0.0200,8
eval_C103_SEM-SE_LOM-DC-Height_FractureSurfaces_1#1,FractureSurfaces,C103_SEM-SE_LOM-DC-Height_FractureSurfaces,ma_roma_ft,direct,0.5985,0.29986,34,10000,644,homography,0.89,832.908,850.268,0.000,0.000,0.000,0.000,917.409,926.790,ok,,0.5,0.5000,34
eval_C103_SEM-SE_LOM-DC-Height_FractureSurfaces_1#1,FractureSurfaces,C103_SEM-SE_LOM-DC-Height_FractureSurfaces,ma_roma_ft,pyramid_v2,0.5985,0.29986,34,10000,566,affine@direct,0.90,1517.131,1507.036,0.000,0.000,0.000,0.000,1480.247,1467.705,ok,,0.5,0.5000,34
eval_C103_SEM-SE_LOM-DC-Height_FractureSurfaces_1#1,FractureSurfaces,C103_SEM-SE_LOM-DC-Height_FractureSurfaces,ma_roma_ft,direct,0.4232,0.29986,34,10000,545,homography,0.82,926.432,907.266,0.000,0.000,0.000,0.000,838.482,875.524,ok,,0.25,0.2500,32
eval_C103_SEM-SE_LOM-DC-Height_FractureSurfaces_1#1,FractureSurfaces,C103_SEM-SE_LOM-DC-Height_FractureSurfaces,ma_roma_ft,pyramid_v2,0.4232,0.29986,34,10000,321,homography@direct,1.64,871.550,838.144,0.000,0.000,0.000,0.000,676.939,644.894,ok,,0.25,0.2500,32
eval_C103_SEM-SE_LOM-DC-Height_FractureSurfaces_1#1,FractureSurfaces,C103_SEM-SE_LOM-DC-Height_FractureSurfaces,ma_roma_ft,direct,0.2676,0.29986,34,10000,1559,affine,0.78,1544.365,1559.295,0.000,0.000,0.000,0.000,1421.388,1420.651,ok,,0.1,0.1000,23
eval_C103_SEM-SE_LOM-DC-Height_FractureSurfaces_1#1,FractureSurfaces,C103_SEM-SE_LOM-DC-Height_FractureSurfaces,ma_roma_ft,pyramid_v2,0.2676,0.29986,34,10000,1409,homography@direct+zoom,2.54,2349.666,1514.468,0.000,0.000,0.000,0.000,1382.052,1454.990,ok,,0.1,0.1000,23
eval_C103_SEM-SE_LOM-DC-Height_FractureSurfaces_1#1,FractureSurfaces,C103_SEM-SE_LOM-DC-Height_FractureSurfaces,ma_roma_ft,direct,0.1894,0.29986,34,10000,2481,affine,0.78,1208.557,1280.903,0.000,0.000,0.000,0.000,1187.151,1236.144,ok,,0.05,0.0500,16
eval_C103_SEM-SE_LOM-DC-Height_FractureSurfaces_1#1,FractureSurfaces,C103_SEM-SE_LOM-DC-Height_FractureSurfaces,ma_roma_ft,pyramid_v2,0.1894,0.29986,34,10000,2618,affine@direct,1.56,1189.263,1257.095,0.000,0.000,0.000,0.000,1138.151,1187.060,ok,,0.05,0.0500,16
eval_C103_SEM-SE_LOM-DC-Height_FractureSurfaces_1#1,FractureSurfaces,C103_SEM-SE_LOM-DC-Height_FractureSurfaces,ma_roma_ft,direct,0.1197,0.29986,34,10000,710,affine,0.73,976.839,972.506,0.000,0.000,0.000,0.000,989.368,989.410,ok,,0.02,0.0200,8
eval_C103_SEM-SE_LOM-DC-Height_FractureSurfaces_1#1,FractureSurfaces,C103_SEM-SE_LOM-DC-Height_FractureSurfaces,ma_roma_ft,pyramid_v2,0.1197,0.29986,34,10000,379,homography@direct,0.72,2059.198,1536.664,0.000,0.000,0.000,0.000,1311.929,1221.064,ok,,0.02,0.0200,8
eval_C103_SEM-SE_LOM-DC-Height_FractureSurfaces_2#0,FractureSurfaces,C103_SEM-SE_LOM-DC-Height_FractureSurfaces,ma_roma_ft,direct,0.5615,0.83614,58,10000,5472,homography,0.95,9.128,8.468,0.034,0.086,0.259,0.638,9.691,9.231,ok,,0.5,0.5000,58
eval_C103_SEM-SE_LOM-DC-Height_FractureSurfaces_2#0,FractureSurfaces,C103_SEM-SE_LOM-DC-Height_FractureSurfaces,ma_roma_ft,pyramid_v2,0.5615,0.83614,58,10000,5611,homography@direct,0.99,9.333,8.764,0.000,0.069,0.259,0.586,9.949,9.577,ok,,0.5,0.5000,58
eval_C103_SEM-SE_LOM-DC-Height_FractureSurfaces_2#0,FractureSurfaces,C103_SEM-SE_LOM-DC-Height_FractureSurfaces,ma_roma_ft,direct,0.3971,0.83614,58,10000,977,homography,0.88,49.038,26.466,0.000,0.034,0.052,0.276,34.837,23.581,ok,,0.25,0.2501,58
eval_C103_SEM-SE_LOM-DC-Height_FractureSurfaces_2#0,FractureSurfaces,C103_SEM-SE_LOM-DC-Height_FractureSurfaces,ma_roma_ft,pyramid_v2,0.3971,0.83614,58,10000,1186,homography@direct,0.93,41.761,20.208,0.017,0.069,0.172,0.310,33.816,17.865,ok,,0.25,0.2501,58
eval_C103_SEM-SE_LOM-DC-Height_FractureSurfaces_2#0,FractureSurfaces,C103_SEM-SE_LOM-DC-Height_FractureSurfaces,ma_roma_ft,direct,0.2512,0.83614,58,10000,763,homography,0.90,1509.872,1554.032,0.000,0.000,0.000,0.000,1590.196,1612.968,ok,,0.1,0.1000,36
eval_C103_SEM-SE_LOM-DC-Height_FractureSurfaces_2#0,FractureSurfaces,C103_SEM-SE_LOM-DC-Height_FractureSurfaces,ma_roma_ft,pyramid_v2,0.2512,0.83614,58,10000,672,homography@direct,1.87,1587.241,1629.967,0.000,0.000,0.000,0.000,1604.927,1620.056,ok,,0.1,0.1000,36
eval_C103_SEM-SE_LOM-DC-Height_FractureSurfaces_2#0,FractureSurfaces,C103_SEM-SE_LOM-DC-Height_FractureSurfaces,ma_roma_ft,direct,0.1775,0.83614,58,10000,362,affine,0.77,1680.891,1723.313,0.000,0.000,0.000,0.000,1574.394,1648.238,ok,,0.05,0.0500,13
eval_C103_SEM-SE_LOM-DC-Height_FractureSurfaces_2#0,FractureSurfaces,C103_SEM-SE_LOM-DC-Height_FractureSurfaces,ma_roma_ft,pyramid_v2,0.1775,0.83614,58,10000,426,affine@direct,0.85,1901.782,1951.038,0.000,0.000,0.000,0.000,1890.256,1879.947,ok,,0.05,0.0500,13
eval_C103_SEM-SE_LOM-DC-Height_FractureSurfaces_2#0,FractureSurfaces,C103_SEM-SE_LOM-DC-Height_FractureSurfaces,ma_roma_ft,direct,0.1124,0.83614,58,10000,136,homography,0.75,3527.087,2705.874,0.000,0.000,0.000,0.000,2660.128,2881.271,ok,,0.02,0.0200,4
eval_C103_SEM-SE_LOM-DC-Height_FractureSurfaces_2#0,FractureSurfaces,C103_SEM-SE_LOM-DC-Height_FractureSurfaces,ma_roma_ft,pyramid_v2,0.1124,0.83614,58,10000,311,affine@direct,1.44,2631.425,2770.498,0.000,0.000,0.000,0.000,2766.970,2874.616,ok,,0.02,0.0200,4
eval_C103_SEM-SE_LOM-DC-Height_FractureSurfaces_2#1,FractureSurfaces,C103_SEM-SE_LOM-DC-Height_FractureSurfaces,ma_roma_ft,direct,0.5615,0.83614,58,10000,1951,affine,0.90,13.952,13.545,0.000,0.034,0.103,0.328,12.738,11.119,ok,,0.5,0.5000,58
eval_C103_SEM-SE_LOM-DC-Height_FractureSurfaces_2#1,FractureSurfaces,C103_SEM-SE_LOM-DC-Height_FractureSurfaces,ma_roma_ft,pyramid_v2,0.5615,0.83614,58,10000,1795,affine@direct,0.98,14.161,13.931,0.000,0.069,0.103,0.345,12.448,11.067,ok,,0.5,0.5000,58
eval_C103_SEM-SE_LOM-DC-Height_FractureSurfaces_2#1,FractureSurfaces,C103_SEM-SE_LOM-DC-Height_FractureSurfaces,ma_roma_ft,direct,0.3971,0.83614,58,10000,2296,homography,0.89,20.788,21.313,0.000,0.034,0.052,0.190,17.970,18.210,ok,,0.25,0.2501,58
eval_C103_SEM-SE_LOM-DC-Height_FractureSurfaces_2#1,FractureSurfaces,C103_SEM-SE_LOM-DC-Height_FractureSurfaces,ma_roma_ft,pyramid_v2,0.3971,0.83614,58,10000,2339,homography@direct,1.80,18.202,17.960,0.017,0.034,0.069,0.190,19.069,15.552,ok,,0.25,0.2501,58
eval_C103_SEM-SE_LOM-DC-Height_FractureSurfaces_2#1,FractureSurfaces,C103_SEM-SE_LOM-DC-Height_FractureSurfaces,ma_roma_ft,direct,0.2512,0.83614,58,10000,927,affine,0.93,86.236,82.348,0.000,0.000,0.000,0.000,97.066,95.650,ok,,0.1,0.1000,36
eval_C103_SEM-SE_LOM-DC-Height_FractureSurfaces_2#1,FractureSurfaces,C103_SEM-SE_LOM-DC-Height_FractureSurfaces,ma_roma_ft,pyramid_v2,0.2512,0.83614,58,10000,779,affine@direct,1.81,161.458,136.216,0.000,0.000,0.000,0.000,183.456,168.220,ok,,0.1,0.1000,36
eval_C103_SEM-SE_LOM-DC-Height_FractureSurfaces_2#1,FractureSurfaces,C103_SEM-SE_LOM-DC-Height_FractureSurfaces,ma_roma_ft,direct,0.1775,0.83614,58,10000,1877,homography,0.85,426.726,225.490,0.000,0.000,0.000,0.000,369.505,250.726,ok,,0.05,0.0500,13
eval_C103_SEM-SE_LOM-DC-Height_FractureSurfaces_2#1,FractureSurfaces,C103_SEM-SE_LOM-DC-Height_FractureSurfaces,ma_roma_ft,pyramid_v2,0.1775,0.83614,58,10000,1863,homography@direct,1.76,506.805,218.849,0.000,0.000,0.000,0.000,349.528,253.977,ok,,0.05,0.0500,13
eval_C103_SEM-SE_LOM-DC-Height_FractureSurfaces_2#1,FractureSurfaces,C103_SEM-SE_LOM-DC-Height_FractureSurfaces,ma_roma_ft,direct,0.1124,0.83614,58,10000,891,affine,0.83,2547.510,2659.464,0.000,0.000,0.000,0.000,2489.075,2642.201,ok,,0.02,0.0200,4
eval_C103_SEM-SE_LOM-DC-Height_FractureSurfaces_2#1,FractureSurfaces,C103_SEM-SE_LOM-DC-Height_FractureSurfaces,ma_roma_ft,pyramid_v2,0.1124,0.83614,58,10000,1007,affine@direct+zoom,3.24,1930.531,1927.866,0.000,0.000,0.000,0.000,1967.096,1973.340,ok,,0.02,0.0200,4
eval_CoNi-AM67_OM-SEM_Multiscale_0#0,Multiscale,CoNi-AM67_OM-SEM_Multiscale,ma_roma_ft,direct,,,,,,,,,,,,,,,,skipped,rung_not_below_base,0.5,,
eval_CoNi-AM67_OM-SEM_Multiscale_0#0,Multiscale,CoNi-AM67_OM-SEM_Multiscale,ma_roma_ft,pyramid_v2,,,,,,,,,,,,,,,,skipped,rung_not_below_base,0.5,,
eval_CoNi-AM67_OM-SEM_Multiscale_0#0,Multiscale,CoNi-AM67_OM-SEM_Multiscale,ma_roma_ft,direct,0.4571,1.09526,14,10000,2931,homography,1.11,14.071,10.855,0.000,0.071,0.143,0.500,18.919,15.922,ok,,0.25,0.2501,11
eval_CoNi-AM67_OM-SEM_Multiscale_0#0,Multiscale,CoNi-AM67_OM-SEM_Multiscale,ma_roma_ft,pyramid_v2,0.4571,1.09526,14,10000,2993,homography@direct,2.29,13.369,11.691,0.000,0.143,0.143,0.500,18.294,16.193,ok,,0.25,0.2501,11
eval_CoNi-AM67_OM-SEM_Multiscale_0#0,Multiscale,CoNi-AM67_OM-SEM_Multiscale,ma_roma_ft,direct,0.2891,1.09526,14,10000,1910,affine,1.12,56.355,38.488,0.000,0.000,0.000,0.000,92.163,92.716,ok,,0.1,0.1000,3
eval_CoNi-AM67_OM-SEM_Multiscale_0#0,Multiscale,CoNi-AM67_OM-SEM_Multiscale,ma_roma_ft,pyramid_v2,0.2891,1.09526,14,10000,4231,homography@direct+zoom,4.50,14.246,11.992,0.071,0.071,0.143,0.286,43.242,38.901,ok,,0.1,0.1000,3
eval_CoNi-AM67_OM-SEM_Multiscale_0#0,Multiscale,CoNi-AM67_OM-SEM_Multiscale,ma_roma_ft,direct,0.2043,1.09526,14,10000,384,affine,1.02,2087.380,2206.282,0.000,0.000,0.000,0.000,2111.639,2122.864,ok,,0.05,0.0499,2
eval_CoNi-AM67_OM-SEM_Multiscale_0#0,Multiscale,CoNi-AM67_OM-SEM_Multiscale,ma_roma_ft,pyramid_v2,0.2043,1.09526,14,10000,447,affine@direct,1.93,2075.149,2284.663,0.000,0.000,0.000,0.000,2071.460,2270.055,ok,,0.05,0.0499,2
eval_CoNi-AM67_OM-SEM_Multiscale_0#0,Multiscale,CoNi-AM67_OM-SEM_Multiscale,ma_roma_ft,direct,0.1294,1.09526,14,10000,834,affine,0.81,4284.009,5027.212,0.000,0.000,0.000,0.000,4129.291,4809.036,ok,,0.02,0.0200,1
eval_CoNi-AM67_OM-SEM_Multiscale_0#0,Multiscale,CoNi-AM67_OM-SEM_Multiscale,ma_roma_ft,pyramid_v2,0.1294,1.09526,14,10000,723,homography@direct,0.84,4510.954,3847.553,0.000,0.000,0.000,0.000,4309.992,5196.179,ok,,0.02,0.0200,1
eval_CoNi-AM67_SEM-EBSD_SameSliceSerialSectioning_1#2,SerialSectioning,CoNi-AM67_SEM-EBSD_SameSliceSerialSectioning,ma_roma_ft,direct,,,,,,,,,,,,,,,,skipped,rung_not_below_base,0.5,,
eval_CoNi-AM67_SEM-EBSD_SameSliceSerialSectioning_1#2,SerialSectioning,CoNi-AM67_SEM-EBSD_SameSliceSerialSectioning,ma_roma_ft,pyramid_v2,,,,,,,,,,,,,,,,skipped,rung_not_below_base,0.5,,
eval_CoNi-AM67_SEM-EBSD_SameSliceSerialSectioning_1#2,SerialSectioning,CoNi-AM67_SEM-EBSD_SameSliceSerialSectioning,ma_roma_ft,direct,0.4284,2.88000,14,10000,2034,affine,0.77,23.569,18.395,0.000,0.000,0.000,0.143,29.494,20.122,ok,,0.25,0.2500,8
eval_CoNi-AM67_SEM-EBSD_SameSliceSerialSectioning_1#2,SerialSectioning,CoNi-AM67_SEM-EBSD_SameSliceSerialSectioning,ma_roma_ft,pyramid_v2,0.4284,2.88000,14,10000,2002,affine@direct+zoom,3.28,32.441,22.063,0.000,0.000,0.071,0.214,35.232,30.629,ok,,0.25,0.2500,8
eval_CoNi-AM67_SEM-EBSD_SameSliceSerialSectioning_1#2,SerialSectioning,CoNi-AM67_SEM-EBSD_SameSliceSerialSectioning,ma_roma_ft,direct,0.2709,2.88000,14,10000,478,affine,0.73,1161.111,1157.106,0.000,0.000,0.000,0.000,1211.434,1241.517,ok,,0.1,0.1002,2
eval_CoNi-AM67_SEM-EBSD_SameSliceSerialSectioning_1#2,SerialSectioning,CoNi-AM67_SEM-EBSD_SameSliceSerialSectioning,ma_roma_ft,pyramid_v2,0.2709,2.88000,14,10000,389,affine@direct,1.48,130.197,108.416,0.000,0.000,0.000,0.000,147.328,165.816,ok,,0.1,0.1002,2
eval_CoNi-AM67_SEM-EBSD_SameSliceSerialSectioning_1#2,SerialSectioning,CoNi-AM67_SEM-EBSD_SameSliceSerialSectioning,ma_roma_ft,direct,0.1913,2.88000,14,10000,584,affine,0.74,3205.094,3496.980,0.000,0.000,0.000,0.000,3142.826,3435.250,ok,,0.05,0.0500,2
eval_CoNi-AM67_SEM-EBSD_SameSliceSerialSectioning_1#2,SerialSectioning,CoNi-AM67_SEM-EBSD_SameSliceSerialSectioning,ma_roma_ft,pyramid_v2,0.1913,2.88000,14,10000,616,affine@direct,0.74,3167.185,3439.439,0.000,0.000,0.000,0.000,3106.722,3373.981,ok,,0.05,0.0500,2
eval_CoNi-AM67_SEM-EBSD_SameSliceSerialSectioning_1#2,SerialSectioning,CoNi-AM67_SEM-EBSD_SameSliceSerialSectioning,ma_roma_ft,direct,0.1209,2.88000,14,10000,813,affine,0.70,1013.439,985.190,0.000,0.000,0.000,0.000,1028.142,1024.617,ok,,0.02,0.0199,1
eval_CoNi-AM67_SEM-EBSD_SameSliceSerialSectioning_1#2,SerialSectioning,CoNi-AM67_SEM-EBSD_SameSliceSerialSectioning,ma_roma_ft,pyramid_v2,0.1209,2.88000,14,10000,1162,affine@direct+zoom,1.46,2539.034,2481.078,0.000,0.000,0.000,0.000,2441.230,2391.652,ok,,0.02,0.0199,1
eval_CoNi-AM67_SEM-EBSD_SameSliceSerialSectioning_2#3,SerialSectioning,CoNi-AM67_SEM-EBSD_SameSliceSerialSectioning,ma_roma_ft,direct,,,,,,,,,,,,,,,,skipped,rung_not_below_base,0.5,,
eval_CoNi-AM67_SEM-EBSD_SameSliceSerialSectioning_2#3,SerialSectioning,CoNi-AM67_SEM-EBSD_SameSliceSerialSectioning,ma_roma_ft,pyramid_v2,,,,,,,,,,,,,,,,skipped,rung_not_below_base,0.5,,
eval_CoNi-AM67_SEM-EBSD_SameSliceSerialSectioning_2#3,SerialSectioning,CoNi-AM67_SEM-EBSD_SameSliceSerialSectioning,ma_roma_ft,direct,0.4284,2.88000,18,10000,1979,affine,0.76,18.740,18.977,0.000,0.056,0.111,0.222,12.134,10.336,ok,,0.25,0.2500,11
eval_CoNi-AM67_SEM-EBSD_SameSliceSerialSectioning_2#3,SerialSectioning,CoNi-AM67_SEM-EBSD_SameSliceSerialSectioning,ma_roma_ft,pyramid_v2,0.4284,2.88000,18,10000,2007,affine@direct,1.60,19.718,18.833,0.000,0.111,0.167,0.333,13.068,10.490,ok,,0.25,0.2500,11
eval_CoNi-AM67_SEM-EBSD_SameSliceSerialSectioning_2#3,SerialSectioning,CoNi-AM67_SEM-EBSD_SameSliceSerialSectioning,ma_roma_ft,direct,0.2709,2.88000,18,10000,1011,affine,0.62,2536.515,2315.577,0.000,0.000,0.000,0.000,2483.748,2274.317,ok,,0.1,0.1002,6
eval_CoNi-AM67_SEM-EBSD_SameSliceSerialSectioning_2#3,SerialSectioning,CoNi-AM67_SEM-EBSD_SameSliceSerialSectioning,ma_roma_ft,pyramid_v2,0.2709,2.88000,18,10000,997,affine@direct,0.64,2534.873,2322.154,0.000,0.000,0.000,0.000,2509.927,2300.269,ok,,0.1,0.1002,6
eval_CoNi-AM67_SEM-EBSD_SameSliceSerialSectioning_2#3,SerialSectioning,CoNi-AM67_SEM-EBSD_SameSliceSerialSectioning,ma_roma_ft,direct,0.1913,2.88000,18,10000,289,homography,0.63,2856.044,2934.285,0.000,0.000,0.000,0.000,3161.903,3098.947,ok,,0.05,0.0500,2
eval_CoNi-AM67_SEM-EBSD_SameSliceSerialSectioning_2#3,SerialSectioning,CoNi-AM67_SEM-EBSD_SameSliceSerialSectioning,ma_roma_ft,pyramid_v2,0.1913,2.88000,18,10000,293,affine@direct,0.70,3529.407,3583.614,0.000,0.000,0.000,0.000,3470.681,3519.549,ok,,0.05,0.0500,2
eval_CoNi-AM67_SEM-EBSD_SameSliceSerialSectioning_2#3,SerialSectioning,CoNi-AM67_SEM-EBSD_SameSliceSerialSectioning,ma_roma_ft,direct,0.1209,2.88000,18,10000,590,homography,0.70,10525.814,2936.589,0.000,0.000,0.000,0.000,4773.708,5391.826,ok,,0.02,0.0199,0
eval_CoNi-AM67_SEM-EBSD_SameSliceSerialSectioning_2#3,SerialSectioning,CoNi-AM67_SEM-EBSD_SameSliceSerialSectioning,ma_roma_ft,pyramid_v2,0.1209,2.88000,18,10000,882,affine@direct,1.27,4310.601,4899.547,0.000,0.000,0.000,0.000,4477.204,5158.941,ok,,0.02,0.0199,0
eval_CoNi-AM67_SEM-EBSD_SameSliceSerialSectioning_2#5,SerialSectioning,CoNi-AM67_SEM-EBSD_SameSliceSerialSectioning,ma_roma_ft,direct,,,,,,,,,,,,,,,,skipped,rung_not_below_base,0.5,,
eval_CoNi-AM67_SEM-EBSD_SameSliceSerialSectioning_2#5,SerialSectioning,CoNi-AM67_SEM-EBSD_SameSliceSerialSectioning,ma_roma_ft,pyramid_v2,,,,,,,,,,,,,,,,skipped,rung_not_below_base,0.5,,
eval_CoNi-AM67_SEM-EBSD_SameSliceSerialSectioning_2#5,SerialSectioning,CoNi-AM67_SEM-EBSD_SameSliceSerialSectioning,ma_roma_ft,direct,0.4284,2.88000,18,10000,2057,affine,0.76,20.745,18.809,0.000,0.056,0.111,0.167,13.547,11.014,ok,,0.25,0.2500,11
eval_CoNi-AM67_SEM-EBSD_SameSliceSerialSectioning_2#5,SerialSectioning,CoNi-AM67_SEM-EBSD_SameSliceSerialSectioning,ma_roma_ft,pyramid_v2,0.4284,2.88000,18,10000,1858,affine@direct+zoom,3.05,23.282,15.780,0.000,0.056,0.111,0.333,20.077,11.434,ok,,0.25,0.2500,11
eval_CoNi-AM67_SEM-EBSD_SameSliceSerialSectioning_2#5,SerialSectioning,CoNi-AM67_SEM-EBSD_SameSliceSerialSectioning,ma_roma_ft,direct,0.2709,2.88000,18,10000,774,affine,0.71,1596.029,1580.555,0.000,0.000,0.000,0.000,1553.694,1571.654,ok,,0.1,0.1002,6
eval_CoNi-AM67_SEM-EBSD_SameSliceSerialSectioning_2#5,SerialSectioning,CoNi-AM67_SEM-EBSD_SameSliceSerialSectioning,ma_roma_ft,pyramid_v2,0.2709,2.88000,18,10000,651,affine@direct,0.80,1674.884,1713.734,0.000,0.000,0.000,0.000,1705.518,1748.174,ok,,0.1,0.1002,6
eval_CoNi-AM67_SEM-EBSD_SameSliceSerialSectioning_2#5,SerialSectioning,CoNi-AM67_SEM-EBSD_SameSliceSerialSectioning,ma_roma_ft,direct,0.1913,2.88000,18,10000,885,affine,0.73,3264.101,3471.878,0.000,0.000,0.000,0.000,3178.175,3437.409,ok,,0.05,0.0500,2
eval_CoNi-AM67_SEM-EBSD_SameSliceSerialSectioning_2#5,SerialSectioning,CoNi-AM67_SEM-EBSD_SameSliceSerialSectioning,ma_roma_ft,pyramid_v2,0.1913,2.88000,18,10000,963,affine@direct,0.70,3138.481,3399.649,0.000,0.000,0.000,0.000,3061.911,3352.672,ok,,0.05,0.0500,2
eval_CoNi-AM67_SEM-EBSD_SameSliceSerialSectioning_2#5,SerialSectioning,CoNi-AM67_SEM-EBSD_SameSliceSerialSectioning,ma_roma_ft,direct,0.1209,2.88000,18,10000,1568,affine,0.68,3823.869,3890.859,0.000,0.000,0.000,0.000,3855.082,3998.792,ok,,0.02,0.0199,0
eval_CoNi-AM67_SEM-EBSD_SameSliceSerialSectioning_2#5,SerialSectioning,CoNi-AM67_SEM-EBSD_SameSliceSerialSectioning,ma_roma_ft,pyramid_v2,0.1209,2.88000,18,10000,1646,affine@direct,0.68,3933.416,4082.838,0.000,0.000,0.000,0.000,3997.302,4134.620,ok,,0.02,0.0199,0
eval_CoNi-AM90_SEM-EBSD_SameSlice_0#0,SameSlice,CoNi-AM90_SEM-EBSD_SameSlice,ma_roma_ft,direct,0.6872,0.10851,47,10000,6104,homography,2.06,4.189,3.417,0.064,0.340,0.702,0.957,7.202,5.448,ok,,0.5,0.5000,22
eval_CoNi-AM90_SEM-EBSD_SameSlice_0#0,SameSlice,CoNi-AM90_SEM-EBSD_SameSlice,ma_roma_ft,pyramid_v2,0.6872,0.10851,47,10000,6470,affine@direct,2.15,3.059,2.902,0.043,0.532,0.851,1.000,8.562,4.887,ok,,0.5,0.5000,22
eval_CoNi-AM90_SEM-EBSD_SameSlice_0#0,SameSlice,CoNi-AM90_SEM-EBSD_SameSlice,ma_roma_ft,direct,0.4860,0.10851,47,10000,3371,homography,1.43,3.420,3.153,0.085,0.489,0.745,1.000,26.899,15.819,ok,,0.25,0.2500,9
eval_CoNi-AM90_SEM-EBSD_SameSlice_0#0,SameSlice,CoNi-AM90_SEM-EBSD_SameSlice,ma_roma_ft,pyramid_v2,0.4860,0.10851,47,10000,3356,homography@direct,2.88,3.501,3.233,0.085,0.489,0.723,1.000,21.850,13.703,ok,,0.25,0.2500,9
eval_CoNi-AM90_SEM-EBSD_SameSlice_0#0,SameSlice,CoNi-AM90_SEM-EBSD_SameSlice,ma_roma_ft,direct,0.3074,0.10851,47,10000,563,affine,1.09,738.759,713.484,0.000,0.000,0.000,0.000,782.206,735.200,ok,,0.1,0.1000,5
eval_CoNi-AM90_SEM-EBSD_SameSlice_0#0,SameSlice,CoNi-AM90_SEM-EBSD_SameSlice,ma_roma_ft,pyramid_v2,0.3074,0.10851,47,10000,399,affine@direct,1.10,1567.559,1509.841,0.000,0.000,0.000,0.000,1519.556,1443.121,ok,,0.1,0.1000,5
eval_CoNi-AM90_SEM-EBSD_SameSlice_0#0,SameSlice,CoNi-AM90_SEM-EBSD_SameSlice,ma_roma_ft,direct,0.2173,0.10851,47,10000,701,affine,0.98,354.572,347.160,0.000,0.000,0.000,0.000,412.225,389.924,ok,,0.05,0.0500,2
eval_CoNi-AM90_SEM-EBSD_SameSlice_0#0,SameSlice,CoNi-AM90_SEM-EBSD_SameSlice,ma_roma_ft,pyramid_v2,0.2173,0.10851,47,10000,1077,homography@direct+zoom,2.94,2673.662,575.816,0.000,0.000,0.000,0.000,765.220,678.817,ok,,0.05,0.0500,2
eval_CoNi-AM90_SEM-EBSD_SameSlice_0#0,SameSlice,CoNi-AM90_SEM-EBSD_SameSlice,ma_roma_ft,direct,0.1374,0.10851,47,10000,939,affine,0.96,3321.875,3554.419,0.000,0.000,0.000,0.000,3107.076,3222.871,ok,,0.02,0.0200,1
eval_CoNi-AM90_SEM-EBSD_SameSlice_0#0,SameSlice,CoNi-AM90_SEM-EBSD_SameSlice,ma_roma_ft,pyramid_v2,0.1374,0.10851,47,10000,1056,homography@direct,0.94,3873.255,3746.785,0.000,0.000,0.000,0.000,3351.700,3387.863,ok,,0.02,0.0200,1
eval_CoNi-AM90_SEM-EBSD_SameSlice_0#1,SameSlice,CoNi-AM90_SEM-EBSD_SameSlice,ma_roma_ft,direct,0.6872,0.10851,47,10000,6673,affine,2.10,2.893,2.971,0.064,0.511,0.872,1.000,6.788,4.879,ok,,0.5,0.5000,22
eval_CoNi-AM90_SEM-EBSD_SameSlice_0#1,SameSlice,CoNi-AM90_SEM-EBSD_SameSlice,ma_roma_ft,pyramid_v2,0.6872,0.10851,47,10000,6567,homography@direct,2.43,2.944,2.473,0.149,0.553,0.851,1.000,8.515,5.008,ok,,0.5,0.5000,22
eval_CoNi-AM90_SEM-EBSD_SameSlice_0#1,SameSlice,CoNi-AM90_SEM-EBSD_SameSlice,ma_roma_ft,direct,0.4860,0.10851,47,10000,2674,homography,1.67,3.278,2.786,0.128,0.511,0.787,1.000,21.894,16.004,ok,,0.25,0.2500,9
eval_CoNi-AM90_SEM-EBSD_SameSlice_0#1,SameSlice,CoNi-AM90_SEM-EBSD_SameSlice,ma_roma_ft,pyramid_v2,0.4860,0.10851,47,10000,2624,homography@direct,2.88,3.393,2.744,0.085,0.511,0.787,1.000,24.993,21.754,ok,,0.25,0.2500,9
eval_CoNi-AM90_SEM-EBSD_SameSlice_0#1,SameSlice,CoNi-AM90_SEM-EBSD_SameSlice,ma_roma_ft,direct,0.3074,0.10851,47,10000,512,affine,1.07,973.294,1049.845,0.000,0.000,0.000,0.000,952.014,1032.507,ok,,0.1,0.1000,5
eval_CoNi-AM90_SEM-EBSD_SameSlice_0#1,SameSlice,CoNi-AM90_SEM-EBSD_SameSlice,ma_roma_ft,pyramid_v2,0.3074,0.10851,47,10000,565,affine@direct,1.12,635.524,613.867,0.000,0.000,0.000,0.000,649.505,635.844,ok,,0.1,0.1000,5
eval_CoNi-AM90_SEM-EBSD_SameSlice_0#1,SameSlice,CoNi-AM90_SEM-EBSD_SameSlice,ma_roma_ft,direct,0.2173,0.10851,47,10000,872,affine,1.01,1717.778,1723.455,0.000,0.000,0.000,0.000,1695.325,1750.530,ok,,0.05,0.0500,2
eval_CoNi-AM90_SEM-EBSD_SameSlice_0#1,SameSlice,CoNi-AM90_SEM-EBSD_SameSlice,ma_roma_ft,pyramid_v2,0.2173,0.10851,47,10000,936,affine@direct,1.02,1729.304,1744.724,0.000,0.000,0.000,0.000,1705.256,1744.364,ok,,0.05,0.0500,2
eval_CoNi-AM90_SEM-EBSD_SameSlice_0#1,SameSlice,CoNi-AM90_SEM-EBSD_SameSlice,ma_roma_ft,direct,0.1374,0.10851,47,10000,950,affine,0.99,3014.594,3112.773,0.000,0.000,0.000,0.000,3009.068,3124.994,ok,,0.02,0.0200,1
eval_CoNi-AM90_SEM-EBSD_SameSlice_0#1,SameSlice,CoNi-AM90_SEM-EBSD_SameSlice,ma_roma_ft,pyramid_v2,0.1374,0.10851,47,10000,1039,affine@direct,0.95,3097.015,3183.021,0.000,0.000,0.000,0.000,2884.058,2964.363,ok,,0.02,0.0200,1
eval_CoNi-AM90_SEM-EBSD_SameSlice_0#2,SameSlice,CoNi-AM90_SEM-EBSD_SameSlice,ma_roma_ft,direct,0.6872,0.10851,47,10000,3781,homography,2.17,2.432,2.249,0.149,0.660,0.957,1.000,10.699,5.811,ok,,0.5,0.5000,22
eval_CoNi-AM90_SEM-EBSD_SameSlice_0#2,SameSlice,CoNi-AM90_SEM-EBSD_SameSlice,ma_roma_ft,pyramid_v2,0.6872,0.10851,47,10000,4001,homography@direct,2.34,2.076,1.853,0.213,0.745,0.957,1.000,13.029,7.187,ok,,0.5,0.5000,22
eval_CoNi-AM90_SEM-EBSD_SameSlice_0#2,SameSlice,CoNi-AM90_SEM-EBSD_SameSlice,ma_roma_ft,direct,0.4860,0.10851,47,10000,3640,homography,1.62,5.887,5.067,0.106,0.319,0.489,0.809,12.429,7.902,ok,,0.25,0.2500,9
eval_CoNi-AM90_SEM-EBSD_SameSlice_0#2,SameSlice,CoNi-AM90_SEM-EBSD_SameSlice,ma_roma_ft,pyramid_v2,0.4860,0.10851,47,10000,3851,affine@direct+zoom,4.93,2.403,2.246,0.149,0.723,0.915,1.000,25.764,18.491,ok,,0.25,0.2500,9
eval_CoNi-AM90_SEM-EBSD_SameSlice_0#2,SameSlice,CoNi-AM90_SEM-EBSD_SameSlice,ma_roma_ft,direct,0.3074,0.10851,47,10000,1112,affine,1.27,1687.958,1531.963,0.000,0.000,0.000,0.000,1530.761,1417.643,ok,,0.1,0.1000,5
eval_CoNi-AM90_SEM-EBSD_SameSlice_0#2,SameSlice,CoNi-AM90_SEM-EBSD_SameSlice,ma_roma_ft,pyramid_v2,0.3074,0.10851,47,10000,969,affine@direct,1.30,1664.046,1523.158,0.000,0.000,0.000,0.000,1622.499,1460.362,ok,,0.1,0.1000,5
eval_CoNi-AM90_SEM-EBSD_SameSlice_0#2,SameSlice,CoNi-AM90_SEM-EBSD_SameSlice,ma_roma_ft,direct,0.2173,0.10851,47,10000,528,affine,1.15,1976.483,2060.740,0.000,0.000,0.000,0.000,1956.725,2017.871,ok,,0.05,0.0500,2
eval_CoNi-AM90_SEM-EBSD_SameSlice_0#2,SameSlice,CoNi-AM90_SEM-EBSD_SameSlice,ma_roma_ft,pyramid_v2,0.2173,0.10851,47,10000,557,affine@direct,1.20,1930.017,2011.349,0.000,0.000,0.000,0.000,1763.165,1860.701,ok,,0.05,0.0500,2
eval_CoNi-AM90_SEM-EBSD_SameSlice_0#2,SameSlice,CoNi-AM90_SEM-EBSD_SameSlice,ma_roma_ft,direct,0.1374,0.10851,47,10000,1349,affine,1.06,3375.196,3482.293,0.000,0.000,0.000,0.000,3406.619,3346.424,ok,,0.02,0.0200,1
eval_CoNi-AM90_SEM-EBSD_SameSlice_0#2,SameSlice,CoNi-AM90_SEM-EBSD_SameSlice,ma_roma_ft,pyramid_v2,0.1374,0.10851,47,10000,1363,affine@direct,1.10,3397.965,3501.533,0.000,0.000,0.000,0.000,3403.886,3354.206,ok,,0.02,0.0200,1
eval_CoNi_SEM-SE_SEM-BSE_Cracks-SameSliceSerialSectioning_0#0,SerialSectioning,CoNi_SEM-SE_SEM-BSE_Cracks-SameSliceSerialSectioning,ma_roma_ft,direct,0.7073,1.85714,61,10000,4971,affine,0.72,5.802,4.794,0.066,0.311,0.557,0.836,5.086,4.143,ok,,0.5,0.5003,58
eval_CoNi_SEM-SE_SEM-BSE_Cracks-SameSliceSerialSectioning_0#0,SerialSectioning,CoNi_SEM-SE_SEM-BSE_Cracks-SameSliceSerialSectioning,ma_roma_ft,pyramid_v2,0.7073,1.85714,61,10000,5039,homography@direct,0.78,6.667,4.542,0.016,0.262,0.525,0.803,6.074,4.517,ok,,0.5,0.5003,58
eval_CoNi_SEM-SE_SEM-BSE_Cracks-SameSliceSerialSectioning_0#0,SerialSectioning,CoNi_SEM-SE_SEM-BSE_Cracks-SameSliceSerialSectioning,ma_roma_ft,direct,0.5000,1.85714,61,10000,2036,affine,0.76,10.008,8.043,0.016,0.098,0.262,0.656,10.903,7.447,ok,,0.25,0.2498,27
eval_CoNi_SEM-SE_SEM-BSE_Cracks-SameSliceSerialSectioning_0#0,SerialSectioning,CoNi_SEM-SE_SEM-BSE_Cracks-SameSliceSerialSectioning,ma_roma_ft,pyramid_v2,0.5000,1.85714,61,10000,3819,affine@direct+zoom,3.08,8.786,6.447,0.033,0.131,0.328,0.672,10.762,5.986,ok,,0.25,0.2498,27
eval_CoNi_SEM-SE_SEM-BSE_Cracks-SameSliceSerialSectioning_0#0,SerialSectioning,CoNi_SEM-SE_SEM-BSE_Cracks-SameSliceSerialSectioning,ma_roma_ft,direct,0.3162,1.85714,61,10000,1004,homography,0.63,67.593,53.655,0.000,0.033,0.082,0.131,88.359,77.611,ok,,0.1,0.1001,13
eval_CoNi_SEM-SE_SEM-BSE_Cracks-SameSliceSerialSectioning_0#0,SerialSectioning,CoNi_SEM-SE_SEM-BSE_Cracks-SameSliceSerialSectioning,ma_roma_ft,pyramid_v2,0.3162,1.85714,61,10000,3047,affine@direct+zoom,2.80,24.161,20.489,0.000,0.033,0.131,0.311,32.244,25.996,ok,,0.1,0.1001,13
eval_CoNi_SEM-SE_SEM-BSE_Cracks-SameSliceSerialSectioning_0#0,SerialSectioning,CoNi_SEM-SE_SEM-BSE_Cracks-SameSliceSerialSectioning,ma_roma_ft,direct,0.2237,1.85714,61,10000,836,affine,0.63,1313.206,1244.811,0.000,0.000,0.000,0.000,1338.160,1262.260,ok,,0.05,0.0501,5
eval_CoNi_SEM-SE_SEM-BSE_Cracks-SameSliceSerialSectioning_0#0,SerialSectioning,CoNi_SEM-SE_SEM-BSE_Cracks-SameSliceSerialSectioning,ma_roma_ft,pyramid_v2,0.2237,1.85714,61,10000,1205,affine@direct+zoom,1.93,912.994,866.294,0.000,0.000,0.000,0.000,867.311,838.845,ok,,0.05,0.0501,5
eval_CoNi_SEM-SE_SEM-BSE_Cracks-SameSliceSerialSectioning_0#0,SerialSectioning,CoNi_SEM-SE_SEM-BSE_Cracks-SameSliceSerialSectioning,ma_roma_ft,direct,0.1415,1.85714,61,10000,897,affine,0.64,2322.324,2157.983,0.000,0.000,0.000,0.000,2368.789,2233.590,ok,,0.02,0.0200,0
eval_CoNi_SEM-SE_SEM-BSE_Cracks-SameSliceSerialSectioning_0#0,SerialSectioning,CoNi_SEM-SE_SEM-BSE_Cracks-SameSliceSerialSectioning,ma_roma_ft,pyramid_v2,0.1415,1.85714,61,10000,772,affine@direct,0.67,2804.348,2634.861,0.000,0.000,0.000,0.000,2765.039,2591.466,ok,,0.02,0.0200,0
eval_In718-PrecipitationStrengthened_SEM-BSE_EBSD_SameSliceSerialSectioning_2#0,SerialSectioning,In718-PrecipitationStrengthened_SEM-BSE_EBSD_SameSliceSerialSectioning,ma_roma_ft,direct,,,,,,,,,,,,,,,,skipped,rung_not_below_base,0.5,,
eval_In718-PrecipitationStrengthened_SEM-BSE_EBSD_SameSliceSerialSectioning_2#0,SerialSectioning,In718-PrecipitationStrengthened_SEM-BSE_EBSD_SameSliceSerialSectioning,ma_roma_ft,pyramid_v2,,,,,,,,,,,,,,,,skipped,rung_not_below_base,0.5,,
eval_In718-PrecipitationStrengthened_SEM-BSE_EBSD_SameSliceSerialSectioning_2#0,SerialSectioning,In718-PrecipitationStrengthened_SEM-BSE_EBSD_SameSliceSerialSectioning,ma_roma_ft,direct,0.5192,5.12007,46,10000,1097,affine,0.94,17.280,11.377,0.000,0.022,0.130,0.391,16.736,12.893,ok,,0.25,0.2500,46
eval_In718-PrecipitationStrengthened_SEM-BSE_EBSD_SameSliceSerialSectioning_2#0,SerialSectioning,In718-PrecipitationStrengthened_SEM-BSE_EBSD_SameSliceSerialSectioning,ma_roma_ft,pyramid_v2,0.5192,5.12007,46,10000,1123,affine@direct,1.88,17.261,12.058,0.000,0.043,0.087,0.304,16.982,11.814,ok,,0.25,0.2500,46
eval_In718-PrecipitationStrengthened_SEM-BSE_EBSD_SameSliceSerialSectioning_2#0,SerialSectioning,In718-PrecipitationStrengthened_SEM-BSE_EBSD_SameSliceSerialSectioning,ma_roma_ft,direct,0.3283,5.12007,46,10000,384,affine,0.84,562.557,580.588,0.000,0.000,0.000,0.000,569.336,590.402,ok,,0.1,0.1000,17
eval_In718-PrecipitationStrengthened_SEM-BSE_EBSD_SameSliceSerialSectioning_2#0,SerialSectioning,In718-PrecipitationStrengthened_SEM-BSE_EBSD_SameSliceSerialSectioning,ma_roma_ft,pyramid_v2,0.3283,5.12007,46,10000,1158,affine@direct+zoom,2.41,18.620,13.082,0.000,0.022,0.065,0.326,19.118,14.929,ok,,0.1,0.1000,17
eval_In718-PrecipitationStrengthened_SEM-BSE_EBSD_SameSliceSerialSectioning_2#0,SerialSectioning,In718-PrecipitationStrengthened_SEM-BSE_EBSD_SameSliceSerialSectioning,ma_roma_ft,direct,0.2325,5.12007,46,10000,327,homography,0.83,1114.717,1123.246,0.000,0.000,0.000,0.000,1013.877,1016.362,ok,,0.05,0.0500,7
eval_In718-PrecipitationStrengthened_SEM-BSE_EBSD_SameSliceSerialSectioning_2#0,SerialSectioning,In718-PrecipitationStrengthened_SEM-BSE_EBSD_SameSliceSerialSectioning,ma_roma_ft,pyramid_v2,0.2325,5.12007,46,10000,342,affine@direct+zoom,3.24,1112.122,1136.059,0.000,0.000,0.000,0.000,1096.743,1141.013,ok,,0.05,0.0500,7
eval_In718-PrecipitationStrengthened_SEM-BSE_EBSD_SameSliceSerialSectioning_2#0,SerialSectioning,In718-PrecipitationStrengthened_SEM-BSE_EBSD_SameSliceSerialSectioning,ma_roma_ft,direct,0.1467,5.12007,46,10000,155,homography,0.78,4247.751,3060.393,0.000,0.000,0.000,0.000,2706.685,2659.171,ok,,0.02,0.0199,3
eval_In718-PrecipitationStrengthened_SEM-BSE_EBSD_SameSliceSerialSectioning_2#0,SerialSectioning,In718-PrecipitationStrengthened_SEM-BSE_EBSD_SameSliceSerialSectioning,ma_roma_ft,pyramid_v2,0.1467,5.12007,46,10000,196,homography@direct,1.58,2817.736,2493.150,0.000,0.000,0.000,0.000,2785.115,2763.885,ok,,0.02,0.0199,3
eval_In718-PrecipitationStrengthened_SEM-BSE_EBSD_SameSliceSerialSectioning_3#0,SerialSectioning,In718-PrecipitationStrengthened_SEM-BSE_EBSD_SameSliceSerialSectioning,ma_roma_ft,direct,,,,,,,,,,,,,,,,skipped,rung_not_below_base,0.5,,
eval_In718-PrecipitationStrengthened_SEM-BSE_EBSD_SameSliceSerialSectioning_3#0,SerialSectioning,In718-PrecipitationStrengthened_SEM-BSE_EBSD_SameSliceSerialSectioning,ma_roma_ft,pyramid_v2,,,,,,,,,,,,,,,,skipped,rung_not_below_base,0.5,,
eval_In718-PrecipitationStrengthened_SEM-BSE_EBSD_SameSliceSerialSectioning_3#0,SerialSectioning,In718-PrecipitationStrengthened_SEM-BSE_EBSD_SameSliceSerialSectioning,ma_roma_ft,direct,0.5192,5.12007,44,10000,1635,affine,0.93,14.923,11.713,0.000,0.000,0.045,0.386,14.304,11.777,ok,,0.25,0.2500,44
eval_In718-PrecipitationStrengthened_SEM-BSE_EBSD_SameSliceSerialSectioning_3#0,SerialSectioning,In718-PrecipitationStrengthened_SEM-BSE_EBSD_SameSliceSerialSectioning,ma_roma_ft,pyramid_v2,0.5192,5.12007,44,10000,1546,affine@direct,1.92,15.227,11.245,0.000,0.023,0.068,0.477,14.170,11.477,ok,,0.25,0.2500,44
eval_In718-PrecipitationStrengthened_SEM-BSE_EBSD_SameSliceSerialSectioning_3#0,SerialSectioning,In718-PrecipitationStrengthened_SEM-BSE_EBSD_SameSliceSerialSectioning,ma_roma_ft,direct,0.3283,5.12007,44,10000,867,affine,0.84,35.038,28.178,0.000,0.000,0.000,0.136,19.879,17.428,ok,,0.1,0.1000,14
eval_In718-PrecipitationStrengthened_SEM-BSE_EBSD_SameSliceSerialSectioning_3#0,SerialSectioning,In718-PrecipitationStrengthened_SEM-BSE_EBSD_SameSliceSerialSectioning,ma_roma_ft,pyramid_v2,0.3283,5.12007,44,10000,1897,affine@direct+zoom,2.32,21.128,16.095,0.023,0.068,0.114,0.341,31.622,24.011,ok,,0.1,0.1000,14
eval_In718-PrecipitationStrengthened_SEM-BSE_EBSD_SameSliceSerialSectioning_3#0,SerialSectioning,In718-PrecipitationStrengthened_SEM-BSE_EBSD_SameSliceSerialSectioning,ma_roma_ft,direct,0.2325,5.12007,44,10000,178,affine,0.80,3297.472,2937.289,0.000,0.000,0.000,0.000,3280.895,2999.889,ok,,0.05,0.0500,9
eval_In718-PrecipitationStrengthened_SEM-BSE_EBSD_SameSliceSerialSectioning_3#0,SerialSectioning,In718-PrecipitationStrengthened_SEM-BSE_EBSD_SameSliceSerialSectioning,ma_roma_ft,pyramid_v2,0.2325,5.12007,44,10000,150,affine@direct,0.82,2063.066,2070.256,0.000,0.000,0.000,0.000,2074.285,2071.301,ok,,0.05,0.0500,9
eval_In718-PrecipitationStrengthened_SEM-BSE_EBSD_SameSliceSerialSectioning_3#0,SerialSectioning,In718-PrecipitationStrengthened_SEM-BSE_EBSD_SameSliceSerialSectioning,ma_roma_ft,direct,0.1467,5.12007,44,10000,343,affine,0.78,3297.534,3559.730,0.000,0.000,0.000,0.000,3296.583,3531.817,ok,,0.02,0.0199,6
eval_In718-PrecipitationStrengthened_SEM-BSE_EBSD_SameSliceSerialSectioning_3#0,SerialSectioning,In718-PrecipitationStrengthened_SEM-BSE_EBSD_SameSliceSerialSectioning,ma_roma_ft,pyramid_v2,0.1467,5.12007,44,10000,268,homography@direct,0.81,5607.235,3201.046,0.000,0.000,0.000,0.000,3025.541,3191.566,ok,,0.02,0.0199,6
eval_In718-SolutionStrengthened_SEM-SE_EBSD_SameSliceSerialSectioning_0#0,SerialSectioning,In718-SolutionStrengthened_SEM-SE_EBSD_SameSliceSerialSectioning,ma_roma_ft,direct,0.4714,1.00000,20,10000,6738,homography,0.61,2.767,2.677,0.050,0.650,0.950,1.000,5.873,2.964,ok,,0.5,0.4999,18
eval_In718-SolutionStrengthened_SEM-SE_EBSD_SameSliceSerialSectioning_0#0,SerialSectioning,In718-SolutionStrengthened_SEM-SE_EBSD_SameSliceSerialSectioning,ma_roma_ft,pyramid_v2,0.4714,1.00000,20,10000,6781,affine@direct,0.64,2.885,2.880,0.100,0.550,0.900,1.000,5.648,2.882,ok,,0.5,0.4999,18
eval_In718-SolutionStrengthened_SEM-SE_EBSD_SameSliceSerialSectioning_0#0,SerialSectioning,In718-SolutionStrengthened_SEM-SE_EBSD_SameSliceSerialSectioning,ma_roma_ft,direct,0.3333,1.00000,20,10000,1721,affine,0.64,11.487,8.224,0.050,0.100,0.300,0.550,28.081,25.867,ok,,0.25,0.2500,11
eval_In718-SolutionStrengthened_SEM-SE_EBSD_SameSliceSerialSectioning_0#0,SerialSectioning,In718-SolutionStrengthened_SEM-SE_EBSD_SameSliceSerialSectioning,ma_roma_ft,pyramid_v2,0.3333,1.00000,20,10000,2650,homography@direct+zoom,1.91,62.373,29.562,0.000,0.100,0.300,0.400,52.402,42.720,ok,,0.25,0.2500,11
eval_In718-SolutionStrengthened_SEM-SE_EBSD_SameSliceSerialSectioning_0#0,SerialSectioning,In718-SolutionStrengthened_SEM-SE_EBSD_SameSliceSerialSectioning,ma_roma_ft,direct,0.2109,1.00000,20,10000,1951,affine,0.56,733.854,636.243,0.000,0.000,0.000,0.000,715.546,601.693,ok,,0.1,0.1001,4
eval_In718-SolutionStrengthened_SEM-SE_EBSD_SameSliceSerialSectioning_0#0,SerialSectioning,In718-SolutionStrengthened_SEM-SE_EBSD_SameSliceSerialSectioning,ma_roma_ft,pyramid_v2,0.2109,1.00000,20,10000,1778,affine@direct,0.59,732.082,632.547,0.000,0.000,0.000,0.000,722.702,620.806,ok,,0.1,0.1001,4
eval_In718-SolutionStrengthened_SEM-SE_EBSD_SameSliceSerialSectioning_0#0,SerialSectioning,In718-SolutionStrengthened_SEM-SE_EBSD_SameSliceSerialSectioning,ma_roma_ft,direct,0.1491,1.00000,20,10000,1727,homography,0.56,797.702,820.758,0.000,0.000,0.000,0.000,934.053,795.331,ok,,0.05,0.0499,2
eval_In718-SolutionStrengthened_SEM-SE_EBSD_SameSliceSerialSectioning_0#0,SerialSectioning,In718-SolutionStrengthened_SEM-SE_EBSD_SameSliceSerialSectioning,ma_roma_ft,pyramid_v2,0.1491,1.00000,20,10000,1672,affine@direct,1.19,877.838,750.767,0.000,0.000,0.000,0.000,958.353,809.957,ok,,0.05,0.0499,2
eval_In718-SolutionStrengthened_SEM-SE_EBSD_SameSliceSerialSectioning_0#0,SerialSectioning,In718-SolutionStrengthened_SEM-SE_EBSD_SameSliceSerialSectioning,ma_roma_ft,direct,0.0944,1.00000,20,10000,1582,homography,0.61,2317.649,1228.347,0.000,0.000,0.000,0.000,1786.195,1826.599,ok,,0.02,0.0200,0
eval_In718-SolutionStrengthened_SEM-SE_EBSD_SameSliceSerialSectioning_0#0,SerialSectioning,In718-SolutionStrengthened_SEM-SE_EBSD_SameSliceSerialSectioning,ma_roma_ft,pyramid_v2,0.0944,1.00000,20,10000,1273,affine@direct,0.60,2313.515,2129.166,0.000,0.000,0.000,0.000,2331.299,2134.032,ok,,0.02,0.0200,0
eval_In718-SolutionStrengthened_SEM-SE_EBSD_SameSliceSerialSectioning_1#0,SerialSectioning,In718-SolutionStrengthened_SEM-SE_EBSD_SameSliceSerialSectioning,ma_roma_ft,direct,0.2357,1.00000,26,10000,5173,affine,0.58,12.248,6.807,0.000,0.077,0.423,0.577,8.642,5.250,ok,,0.5,0.4997,21
eval_In718-SolutionStrengthened_SEM-SE_EBSD_SameSliceSerialSectioning_1#0,SerialSectioning,In718-SolutionStrengthened_SEM-SE_EBSD_SameSliceSerialSectioning,ma_roma_ft,pyramid_v2,0.2357,1.00000,26,10000,6467,homography@direct+zoom,1.83,8.078,6.288,0.077,0.192,0.346,0.731,6.100,5.039,ok,,0.5,0.4997,21
eval_In718-SolutionStrengthened_SEM-SE_EBSD_SameSliceSerialSectioning_1#0,SerialSectioning,In718-SolutionStrengthened_SEM-SE_EBSD_SameSliceSerialSectioning,ma_roma_ft,direct,0.1667,1.00000,26,10000,2802,homography,0.55,9.364,7.452,0.038,0.154,0.269,0.692,11.356,6.476,ok,,0.25,0.2494,10
eval_In718-SolutionStrengthened_SEM-SE_EBSD_SameSliceSerialSectioning_1#0,SerialSectioning,In718-SolutionStrengthened_SEM-SE_EBSD_SameSliceSerialSectioning,ma_roma_ft,pyramid_v2,0.1667,1.00000,26,10000,5042,homography@direct+zoom,2.28,8.699,7.986,0.000,0.192,0.308,0.731,12.630,9.385,ok,,0.25,0.2494,10
eval_In718-SolutionStrengthened_SEM-SE_EBSD_SameSliceSerialSectioning_1#0,SerialSectioning,In718-SolutionStrengthened_SEM-SE_EBSD_SameSliceSerialSectioning,ma_roma_ft,direct,0.1055,1.00000,26,10000,980,affine,0.57,1014.573,985.895,0.000,0.000,0.000,0.000,969.084,906.690,ok,,0.1,0.1001,3
eval_In718-SolutionStrengthened_SEM-SE_EBSD_SameSliceSerialSectioning_1#0,SerialSectioning,In718-SolutionStrengthened_SEM-SE_EBSD_SameSliceSerialSectioning,ma_roma_ft,pyramid_v2,0.1055,1.00000,26,10000,923,homography@direct,0.54,1281.487,1190.921,0.000,0.000,0.000,0.000,1130.497,1075.082,ok,,0.1,0.1001,3
eval_In718-SolutionStrengthened_SEM-SE_EBSD_SameSliceSerialSectioning_1#0,SerialSectioning,In718-SolutionStrengthened_SEM-SE_EBSD_SameSliceSerialSectioning,ma_roma_ft,direct,0.0742,1.00000,26,10000,794,affine,0.53,1354.364,1378.730,0.000,0.000,0.000,0.000,1356.236,1482.188,ok,,0.05,0.0499,3
eval_In718-SolutionStrengthened_SEM-SE_EBSD_SameSliceSerialSectioning_1#0,SerialSectioning,In718-SolutionStrengthened_SEM-SE_EBSD_SameSliceSerialSectioning,ma_roma_ft,pyramid_v2,0.0742,1.00000,26,10000,533,affine@direct+zoom,1.46,1636.660,1457.909,0.000,0.000,0.000,0.000,1556.821,1412.402,ok,,0.05,0.0499,3
eval_In718-SolutionStrengthened_SEM-SE_EBSD_SameSliceSerialSectioning_1#0,SerialSectioning,In718-SolutionStrengthened_SEM-SE_EBSD_SameSliceSerialSectioning,ma_roma_ft,direct,0.0469,1.00000,26,10000,1544,homography,0.52,2752.139,2384.595,0.000,0.000,0.000,0.000,2267.567,2212.319,ok,,0.02,0.0198,1
eval_In718-SolutionStrengthened_SEM-SE_EBSD_SameSliceSerialSectioning_1#0,SerialSectioning,In718-SolutionStrengthened_SEM-SE_EBSD_SameSliceSerialSectioning,ma_roma_ft,pyramid_v2,0.0469,1.00000,26,10000,1581,homography@direct,0.54,2999.097,2277.936,0.000,0.000,0.000,0.000,2306.269,2252.008,ok,,0.02,0.0198,1
eval_In718-SolutionStrengthened_SEM-SE_EBSD_SameSliceSerialSectioning_1#1,SerialSectioning,In718-SolutionStrengthened_SEM-SE_EBSD_SameSliceSerialSectioning,ma_roma_ft,direct,0.2357,1.00000,26,10000,3205,affine,0.61,9.622,7.225,0.000,0.077,0.346,0.577,12.678,11.945,ok,,0.5,0.4997,21
eval_In718-SolutionStrengthened_SEM-SE_EBSD_SameSliceSerialSectioning_1#1,SerialSectioning,In718-SolutionStrengthened_SEM-SE_EBSD_SameSliceSerialSectioning,ma_roma_ft,pyramid_v2,0.2357,1.00000,26,10000,4414,homography@direct,1.24,8.357,5.748,0.000,0.192,0.423,0.692,7.096,6.102,ok,,0.5,0.4997,21
eval_In718-SolutionStrengthened_SEM-SE_EBSD_SameSliceSerialSectioning_1#1,SerialSectioning,In718-SolutionStrengthened_SEM-SE_EBSD_SameSliceSerialSectioning,ma_roma_ft,direct,0.1667,1.00000,26,10000,3065,affine,0.57,12.262,7.688,0.038,0.115,0.385,0.538,12.509,9.095,ok,,0.25,0.2494,10
eval_In718-SolutionStrengthened_SEM-SE_EBSD_SameSliceSerialSectioning_1#1,SerialSectioning,In718-SolutionStrengthened_SEM-SE_EBSD_SameSliceSerialSectioning,ma_roma_ft,pyramid_v2,0.1667,1.00000,26,10000,4414,homography@direct+zoom,2.25,8.057,6.228,0.038,0.077,0.308,0.769,13.937,9.999,ok,,0.25,0.2494,10
eval_In718-SolutionStrengthened_SEM-SE_EBSD_SameSliceSerialSectioning_1#1,SerialSectioning,In718-SolutionStrengthened_SEM-SE_EBSD_SameSliceSerialSectioning,ma_roma_ft,direct,0.1055,1.00000,26,10000,641,affine,0.57,464.590,468.113,0.000,0.000,0.000,0.000,482.712,470.212,ok,,0.1,0.1001,3
eval_In718-SolutionStrengthened_SEM-SE_EBSD_SameSliceSerialSectioning_1#1,SerialSectioning,In718-SolutionStrengthened_SEM-SE_EBSD_SameSliceSerialSectioning,ma_roma_ft,pyramid_v2,0.1055,1.00000,26,10000,606,affine@direct,1.18,464.470,477.236,0.000,0.000,0.000,0.000,499.354,480.993,ok,,0.1,0.1001,3
eval_In718-SolutionStrengthened_SEM-SE_EBSD_SameSliceSerialSectioning_1#1,SerialSectioning,In718-SolutionStrengthened_SEM-SE_EBSD_SameSliceSerialSectioning,ma_roma_ft,direct,0.0742,1.00000,26,10000,604,affine,0.53,534.211,499.637,0.000,0.000,0.000,0.000,540.451,475.299,ok,,0.05,0.0499,3
eval_In718-SolutionStrengthened_SEM-SE_EBSD_SameSliceSerialSectioning_1#1,SerialSectioning,In718-SolutionStrengthened_SEM-SE_EBSD_SameSliceSerialSectioning,ma_roma_ft,pyramid_v2,0.0742,1.00000,26,10000,1145,homography@direct+zoom,1.67,1732.878,559.366,0.000,0.000,0.000,0.000,472.119,459.153,ok,,0.05,0.0499,3
eval_In718-SolutionStrengthened_SEM-SE_EBSD_SameSliceSerialSectioning_1#1,SerialSectioning,In718-SolutionStrengthened_SEM-SE_EBSD_SameSliceSerialSectioning,ma_roma_ft,direct,0.0469,1.00000,26,10000,1513,homography,0.51,1606.377,1335.491,0.000,0.000,0.000,0.000,1499.262,1513.108,ok,,0.02,0.0198,1
eval_In718-SolutionStrengthened_SEM-SE_EBSD_SameSliceSerialSectioning_1#1,SerialSectioning,In718-SolutionStrengthened_SEM-SE_EBSD_SameSliceSerialSectioning,ma_roma_ft,pyramid_v2,0.0469,1.00000,26,10000,1463,homography@direct,1.05,1864.083,1404.024,0.000,0.000,0.000,0.000,1534.593,1553.582,ok,,0.02,0.0198,1
eval_In718-SolutionStrengthened_SEM-SE_EBSD_SameSliceSerialSectioning_2#0,SerialSectioning,In718-SolutionStrengthened_SEM-SE_EBSD_SameSliceSerialSectioning,ma_roma_ft,direct,0.2357,1.00000,44,10000,5773,affine,0.58,12.718,8.682,0.045,0.114,0.205,0.523,7.162,4.160,ok,,0.5,0.4997,31
eval_In718-SolutionStrengthened_SEM-SE_EBSD_SameSliceSerialSectioning_2#0,SerialSectioning,In718-SolutionStrengthened_SEM-SE_EBSD_SameSliceSerialSectioning,ma_roma_ft,pyramid_v2,0.2357,1.00000,44,10000,5794,affine@direct,1.21,12.378,9.094,0.023,0.159,0.205,0.545,7.598,5.499,ok,,0.5,0.4997,31
eval_In718-SolutionStrengthened_SEM-SE_EBSD_SameSliceSerialSectioning_2#0,SerialSectioning,In718-SolutionStrengthened_SEM-SE_EBSD_SameSliceSerialSectioning,ma_roma_ft,direct,0.1667,1.00000,44,10000,3366,affine,0.58,11.562,10.481,0.023,0.114,0.205,0.477,14.144,11.569,ok,,0.25,0.2494,11
eval_In718-SolutionStrengthened_SEM-SE_EBSD_SameSliceSerialSectioning_2#0,SerialSectioning,In718-SolutionStrengthened_SEM-SE_EBSD_SameSliceSerialSectioning,ma_roma_ft,pyramid_v2,0.1667,1.00000,44,10000,3957,homography@direct,1.12,11.087,9.558,0.000,0.114,0.250,0.545,14.278,10.826,ok,,0.25,0.2494,11
eval_In718-SolutionStrengthened_SEM-SE_EBSD_SameSliceSerialSectioning_2#0,SerialSectioning,In718-SolutionStrengthened_SEM-SE_EBSD_SameSliceSerialSectioning,ma_roma_ft,direct,0.1055,1.00000,44,10000,1170,homography,0.55,551.916,563.056,0.000,0.000,0.000,0.000,467.971,452.611,ok,,0.1,0.1001,6
eval_In718-SolutionStrengthened_SEM-SE_EBSD_SameSliceSerialSectioning_2#0,SerialSectioning,In718-SolutionStrengthened_SEM-SE_EBSD_SameSliceSerialSectioning,ma_roma_ft,pyramid_v2,0.1055,1.00000,44,10000,1072,affine@direct,0.56,606.749,582.913,0.000,0.000,0.000,0.000,548.039,524.316,ok,,0.1,0.1001,6
eval_In718-SolutionStrengthened_SEM-SE_EBSD_SameSliceSerialSectioning_2#0,SerialSectioning,In718-SolutionStrengthened_SEM-SE_EBSD_SameSliceSerialSectioning,ma_roma_ft,direct,0.0742,1.00000,44,10000,1374,affine,0.54,911.674,937.127,0.000,0.000,0.000,0.000,890.075,925.080,ok,,0.05,0.0499,4
eval_In718-SolutionStrengthened_SEM-SE_EBSD_SameSliceSerialSectioning_2#0,SerialSectioning,In718-SolutionStrengthened_SEM-SE_EBSD_SameSliceSerialSectioning,ma_roma_ft,pyramid_v2,0.0742,1.00000,44,10000,1211,affine@direct,0.55,887.001,914.840,0.000,0.000,0.000,0.000,869.663,916.045,ok,,0.05,0.0499,4
eval_In718-SolutionStrengthened_SEM-SE_EBSD_SameSliceSerialSectioning_2#0,SerialSectioning,In718-SolutionStrengthened_SEM-SE_EBSD_SameSliceSerialSectioning,ma_roma_ft,direct,0.0469,1.00000,44,10000,1422,affine,0.57,2910.091,2744.014,0.000,0.000,0.000,0.000,2942.211,2754.968,ok,,0.02,0.0198,3
eval_In718-SolutionStrengthened_SEM-SE_EBSD_SameSliceSerialSectioning_2#0,SerialSectioning,In718-SolutionStrengthened_SEM-SE_EBSD_SameSliceSerialSectioning,ma_roma_ft,pyramid_v2,0.0469,1.00000,44,10000,1332,affine@direct,0.60,2986.327,2808.420,0.000,0.000,0.000,0.000,2984.783,2783.101,ok,,0.02,0.0198,3
eval_In718-SolutionStrengthened_SEM-SE_EBSD_SameSliceSerialSectioning_2#1,SerialSectioning,In718-SolutionStrengthened_SEM-SE_EBSD_SameSliceSerialSectioning,ma_roma_ft,direct,0.2357,1.00000,44,10000,5094,affine,0.56,12.304,9.841,0.023,0.114,0.250,0.500,10.495,8.376,ok,,0.5,0.4997,31
eval_In718-SolutionStrengthened_SEM-SE_EBSD_SameSliceSerialSectioning_2#1,SerialSectioning,In718-SolutionStrengthened_SEM-SE_EBSD_SameSliceSerialSectioning,ma_roma_ft,pyramid_v2,0.2357,1.00000,44,10000,5179,affine@direct,1.22,12.998,10.838,0.023,0.159,0.227,0.432,12.254,8.496,ok,,0.5,0.4997,31
eval_In718-SolutionStrengthened_SEM-SE_EBSD_SameSliceSerialSectioning_2#1,SerialSectioning,In718-SolutionStrengthened_SEM-SE_EBSD_SameSliceSerialSectioning,ma_roma_ft,direct,0.1667,1.00000,44,10000,3231,affine,0.56,13.118,10.011,0.045,0.159,0.205,0.500,19.668,22.046,ok,,0.25,0.2494,11
eval_In718-SolutionStrengthened_SEM-SE_EBSD_SameSliceSerialSectioning_2#1,SerialSectioning,In718-SolutionStrengthened_SEM-SE_EBSD_SameSliceSerialSectioning,ma_roma_ft,pyramid_v2,0.1667,1.00000,44,10000,5285,homography@direct+zoom,1.72,10.766,9.923,0.023,0.136,0.295,0.500,24.148,23.262,ok,,0.25,0.2494,11
eval_In718-SolutionStrengthened_SEM-SE_EBSD_SameSliceSerialSectioning_2#1,SerialSectioning,In718-SolutionStrengthened_SEM-SE_EBSD_SameSliceSerialSectioning,ma_roma_ft,direct,0.1055,1.00000,44,10000,422,homography,0.56,2257.562,1495.668,0.000,0.000,0.000,0.000,1267.863,1028.143,ok,,0.1,0.1001,6
eval_In718-SolutionStrengthened_SEM-SE_EBSD_SameSliceSerialSectioning_2#1,SerialSectioning,In718-SolutionStrengthened_SEM-SE_EBSD_SameSliceSerialSectioning,ma_roma_ft,pyramid_v2,0.1055,1.00000,44,10000,431,affine@direct,0.53,1101.531,1074.567,0.000,0.000,0.000,0.000,1126.718,1101.078,ok,,0.1,0.1001,6
eval_In718-SolutionStrengthened_SEM-SE_EBSD_SameSliceSerialSectioning_2#1,SerialSectioning,In718-SolutionStrengthened_SEM-SE_EBSD_SameSliceSerialSectioning,ma_roma_ft,direct,0.0742,1.00000,44,10000,989,homography,0.51,1045.786,897.402,0.000,0.000,0.000,0.000,1040.060,1104.144,ok,,0.05,0.0499,4
eval_In718-SolutionStrengthened_SEM-SE_EBSD_SameSliceSerialSectioning_2#1,SerialSectioning,In718-SolutionStrengthened_SEM-SE_EBSD_SameSliceSerialSectioning,ma_roma_ft,pyramid_v2,0.0742,1.00000,44,10000,698,homography@direct,0.52,8109.445,810.704,0.000,0.000,0.000,0.000,1120.858,1172.894,ok,,0.05,0.0499,4
eval_In718-SolutionStrengthened_SEM-SE_EBSD_SameSliceSerialSectioning_2#1,SerialSectioning,In718-SolutionStrengthened_SEM-SE_EBSD_SameSliceSerialSectioning,ma_roma_ft,direct,0.0469,1.00000,44,10000,744,homography,0.52,1194.210,1096.372,0.000,0.000,0.000,0.000,1205.713,1216.561,ok,,0.02,0.0198,3
eval_In718-SolutionStrengthened_SEM-SE_EBSD_SameSliceSerialSectioning_2#1,SerialSectioning,In718-SolutionStrengthened_SEM-SE_EBSD_SameSliceSerialSectioning,ma_roma_ft,pyramid_v2,0.0469,1.00000,44,10000,876,affine@direct,1.09,929.913,967.849,0.000,0.000,0.000,0.000,1151.701,1141.035,ok,,0.02,0.0198,3
eval_In718-SolutionStrengthened_SEM-SE_EBSD_SameSliceSerialSectioning_3#0,SerialSectioning,In718-SolutionStrengthened_SEM-SE_EBSD_SameSliceSerialSectioning,ma_roma_ft,direct,0.2357,1.00000,53,10000,4217,affine,0.55,12.171,10.665,0.019,0.113,0.208,0.491,9.207,6.198,ok,,0.5,0.4997,36
eval_In718-SolutionStrengthened_SEM-SE_EBSD_SameSliceSerialSectioning_3#0,SerialSectioning,In718-SolutionStrengthened_SEM-SE_EBSD_SameSliceSerialSectioning,ma_roma_ft,pyramid_v2,0.2357,1.00000,53,10000,5082,affine@direct+zoom,2.40,15.846,8.998,0.000,0.113,0.302,0.528,10.814,7.490,ok,,0.5,0.4997,36
eval_In718-SolutionStrengthened_SEM-SE_EBSD_SameSliceSerialSectioning_3#0,SerialSectioning,In718-SolutionStrengthened_SEM-SE_EBSD_SameSliceSerialSectioning,ma_roma_ft,direct,0.1667,1.00000,53,10000,1889,affine,0.54,13.146,9.340,0.000,0.113,0.170,0.528,26.783,16.934,ok,,0.25,0.2494,14
eval_In718-SolutionStrengthened_SEM-SE_EBSD_SameSliceSerialSectioning_3#0,SerialSectioning,In718-SolutionStrengthened_SEM-SE_EBSD_SameSliceSerialSectioning,ma_roma_ft,pyramid_v2,0.1667,1.00000,53,10000,1927,affine@direct,1.13,13.119,9.120,0.019,0.151,0.170,0.509,23.195,16.912,ok,,0.25,0.2494,14
eval_In718-SolutionStrengthened_SEM-SE_EBSD_SameSliceSerialSectioning_3#0,SerialSectioning,In718-SolutionStrengthened_SEM-SE_EBSD_SameSliceSerialSectioning,ma_roma_ft,direct,0.1055,1.00000,53,10000,1093,affine,0.56,399.299,421.311,0.000,0.000,0.000,0.000,424.279,425.364,ok,,0.1,0.1001,4
eval_In718-SolutionStrengthened_SEM-SE_EBSD_SameSliceSerialSectioning_3#0,SerialSectioning,In718-SolutionStrengthened_SEM-SE_EBSD_SameSliceSerialSectioning,ma_roma_ft,pyramid_v2,0.1055,1.00000,53,10000,1128,affine@direct,0.53,452.421,446.137,0.000,0.000,0.000,0.000,476.005,481.660,ok,,0.1,0.1001,4
eval_In718-SolutionStrengthened_SEM-SE_EBSD_SameSliceSerialSectioning_3#0,SerialSectioning,In718-SolutionStrengthened_SEM-SE_EBSD_SameSliceSerialSectioning,ma_roma_ft,direct,0.0742,1.00000,53,10000,872,affine,0.54,1241.571,1286.439,0.000,0.000,0.000,0.000,1203.034,1203.328,ok,,0.05,0.0499,4
eval_In718-SolutionStrengthened_SEM-SE_EBSD_SameSliceSerialSectioning_3#0,SerialSectioning,In718-SolutionStrengthened_SEM-SE_EBSD_SameSliceSerialSectioning,ma_roma_ft,pyramid_v2,0.0742,1.00000,53,10000,1002,affine@direct,0.53,1231.674,1250.642,0.000,0.000,0.000,0.000,1175.634,1124.769,ok,,0.05,0.0499,4
eval_In718-SolutionStrengthened_SEM-SE_EBSD_SameSliceSerialSectioning_3#0,SerialSectioning,In718-SolutionStrengthened_SEM-SE_EBSD_SameSliceSerialSectioning,ma_roma_ft,direct,0.0469,1.00000,53,10000,1288,affine,0.51,1162.603,1223.798,0.000,0.000,0.000,0.000,1213.844,1251.287,ok,,0.02,0.0198,0
eval_In718-SolutionStrengthened_SEM-SE_EBSD_SameSliceSerialSectioning_3#0,SerialSectioning,In718-SolutionStrengthened_SEM-SE_EBSD_SameSliceSerialSectioning,ma_roma_ft,pyramid_v2,0.0469,1.00000,53,10000,1317,affine@direct,0.53,1865.378,1714.595,0.000,0.000,0.000,0.000,1919.673,1725.485,ok,,0.02,0.0198,0
eval_In718-SolutionStrengthened_SEM-SE_EBSD_SameSliceSerialSectioning_3#1,SerialSectioning,In718-SolutionStrengthened_SEM-SE_EBSD_SameSliceSerialSectioning,ma_roma_ft,direct,0.2357,1.00000,53,10000,2997,affine,0.59,14.764,8.731,0.019,0.057,0.151,0.509,7.809,5.718,ok,,0.5,0.4997,36
eval_In718-SolutionStrengthened_SEM-SE_EBSD_SameSliceSerialSectioning_3#1,SerialSectioning,In718-SolutionStrengthened_SEM-SE_EBSD_SameSliceSerialSectioning,ma_roma_ft,pyramid_v2,0.2357,1.00000,53,10000,2791,affine@direct+zoom,1.85,16.711,9.525,0.019,0.094,0.245,0.509,14.600,7.196,ok,,0.5,0.4997,36
eval_In718-SolutionStrengthened_SEM-SE_EBSD_SameSliceSerialSectioning_3#1,SerialSectioning,In718-SolutionStrengthened_SEM-SE_EBSD_SameSliceSerialSectioning,ma_roma_ft,direct,0.1667,1.00000,53,10000,351,homography,0.61,1629.670,252.447,0.000,0.000,0.000,0.019,205.989,223.367,ok,,0.25,0.2494,14
eval_In718-SolutionStrengthened_SEM-SE_EBSD_SameSliceSerialSectioning_3#1,SerialSectioning,In718-SolutionStrengthened_SEM-SE_EBSD_SameSliceSerialSectioning,ma_roma_ft,pyramid_v2,0.1667,1.00000,53,10000,4578,homography@direct+zoom,2.26,9.585,7.169,0.019,0.151,0.264,0.585,29.253,27.024,ok,,0.25,0.2494,14
eval_In718-SolutionStrengthened_SEM-SE_EBSD_SameSliceSerialSectioning_3#1,SerialSectioning,In718-SolutionStrengthened_SEM-SE_EBSD_SameSliceSerialSectioning,ma_roma_ft,direct,0.1055,1.00000,53,10000,314,homography,0.55,944.701,376.097,0.000,0.000,0.000,0.000,224.272,229.363,ok,,0.1,0.1001,4
eval_In718-SolutionStrengthened_SEM-SE_EBSD_SameSliceSerialSectioning_3#1,SerialSectioning,In718-SolutionStrengthened_SEM-SE_EBSD_SameSliceSerialSectioning,ma_roma_ft,pyramid_v2,0.1055,1.00000,53,10000,471,homography@direct,0.52,21899.472,1156.449,0.000,0.000,0.000,0.000,949.925,919.580,ok,,0.1,0.1001,4
eval_In718-SolutionStrengthened_SEM-SE_EBSD_SameSliceSerialSectioning_3#1,SerialSectioning,In718-SolutionStrengthened_SEM-SE_EBSD_SameSliceSerialSectioning,ma_roma_ft,direct,0.0742,1.00000,53,10000,1511,homography,0.51,965.014,556.450,0.000,0.000,0.000,0.000,755.034,719.447,ok,,0.05,0.0499,4
eval_In718-SolutionStrengthened_SEM-SE_EBSD_SameSliceSerialSectioning_3#1,SerialSectioning,In718-SolutionStrengthened_SEM-SE_EBSD_SameSliceSerialSectioning,ma_roma_ft,pyramid_v2,0.0742,1.00000,53,10000,1320,affine@direct,1.06,632.712,582.478,0.000,0.000,0.000,0.000,739.571,744.276,ok,,0.05,0.0499,4
eval_In718-SolutionStrengthened_SEM-SE_EBSD_SameSliceSerialSectioning_3#1,SerialSectioning,In718-SolutionStrengthened_SEM-SE_EBSD_SameSliceSerialSectioning,ma_roma_ft,direct,0.0469,1.00000,53,10000,1433,affine,0.55,3292.124,3375.857,0.000,0.000,0.000,0.000,3310.268,3416.254,ok,,0.02,0.0198,0
eval_In718-SolutionStrengthened_SEM-SE_EBSD_SameSliceSerialSectioning_3#1,SerialSectioning,In718-SolutionStrengthened_SEM-SE_EBSD_SameSliceSerialSectioning,ma_roma_ft,pyramid_v2,0.0469,1.00000,53,10000,1553,affine@direct,0.53,3303.997,3385.101,0.000,0.000,0.000,0.000,3345.294,3476.480,ok,,0.02,0.0198,0
eval_MoTaTiZrHf-HEA-DDRX-1100C_TEM_DislocationCharacterization_0#1,DislocationCharacterization,MoTaTiZrHf-HEA-DDRX-1100C_TEM_DislocationCharacterization,ma_roma_ft,direct,0.7070,1.00000,24,10000,1686,affine,0.86,20.347,15.896,0.000,0.000,0.042,0.250,19.125,15.163,ok,,0.5,0.5000,14
eval_MoTaTiZrHf-HEA-DDRX-1100C_TEM_DislocationCharacterization_0#1,DislocationCharacterization,MoTaTiZrHf-HEA-DDRX-1100C_TEM_DislocationCharacterization,ma_roma_ft,pyramid_v2,0.7070,1.00000,24,10000,1580,homography@direct,0.95,22.889,22.537,0.000,0.083,0.083,0.250,19.271,15.665,ok,,0.5,0.5000,14
eval_MoTaTiZrHf-HEA-DDRX-1100C_TEM_DislocationCharacterization_0#1,DislocationCharacterization,MoTaTiZrHf-HEA-DDRX-1100C_TEM_DislocationCharacterization,ma_roma_ft,direct,0.5000,1.00000,24,10000,1754,homography,0.89,30.450,32.907,0.000,0.000,0.000,0.125,31.118,34.039,ok,,0.25,0.2500,7
eval_MoTaTiZrHf-HEA-DDRX-1100C_TEM_DislocationCharacterization_0#1,DislocationCharacterization,MoTaTiZrHf-HEA-DDRX-1100C_TEM_DislocationCharacterization,ma_roma_ft,pyramid_v2,0.5000,1.00000,24,10000,1853,homography@direct+zoom,2.73,51.991,35.982,0.000,0.042,0.042,0.125,25.905,23.214,ok,,0.25,0.2500,7
eval_MoTaTiZrHf-HEA-DDRX-1100C_TEM_DislocationCharacterization_0#1,DislocationCharacterization,MoTaTiZrHf-HEA-DDRX-1100C_TEM_DislocationCharacterization,ma_roma_ft,direct,0.3164,1.00000,24,10000,938,affine,0.84,46.887,42.586,0.000,0.000,0.000,0.042,63.448,56.024,ok,,0.1,0.1000,0
eval_MoTaTiZrHf-HEA-DDRX-1100C_TEM_DislocationCharacterization_0#1,DislocationCharacterization,MoTaTiZrHf-HEA-DDRX-1100C_TEM_DislocationCharacterization,ma_roma_ft,pyramid_v2,0.3164,1.00000,24,10000,953,affine@direct,1.63,42.604,37.090,0.000,0.083,0.083,0.083,60.728,54.692,ok,,0.1,0.1000,0
eval_MoTaTiZrHf-HEA-DDRX-1100C_TEM_DislocationCharacterization_0#1,DislocationCharacterization,MoTaTiZrHf-HEA-DDRX-1100C_TEM_DislocationCharacterization,ma_roma_ft,direct,0.2236,1.00000,24,10000,1332,affine,0.71,2782.388,2813.712,0.000,0.000,0.000,0.000,2641.049,2592.599,ok,,0.05,0.0500,0
eval_MoTaTiZrHf-HEA-DDRX-1100C_TEM_DislocationCharacterization_0#1,DislocationCharacterization,MoTaTiZrHf-HEA-DDRX-1100C_TEM_DislocationCharacterization,ma_roma_ft,pyramid_v2,0.2236,1.00000,24,10000,1180,affine@direct,0.76,2762.239,2801.763,0.000,0.000,0.000,0.000,2669.905,2642.005,ok,,0.05,0.0500,0
eval_MoTaTiZrHf-HEA-DDRX-1100C_TEM_DislocationCharacterization_0#1,DislocationCharacterization,MoTaTiZrHf-HEA-DDRX-1100C_TEM_DislocationCharacterization,ma_roma_ft,direct,0.1416,1.00000,24,10000,1094,affine,0.66,841.073,778.567,0.000,0.000,0.000,0.000,937.082,886.939,ok,,0.02,0.0200,0
eval_MoTaTiZrHf-HEA-DDRX-1100C_TEM_DislocationCharacterization_0#1,DislocationCharacterization,MoTaTiZrHf-HEA-DDRX-1100C_TEM_DislocationCharacterization,ma_roma_ft,pyramid_v2,0.1416,1.00000,24,10000,1097,affine@direct,1.29,844.777,764.406,0.000,0.000,0.000,0.000,946.848,891.538,ok,,0.02,0.0200,0
eval_MoTaTiZrHf-HEA-DDRX-1100C_TEM_DislocationCharacterization_0#2,DislocationCharacterization,MoTaTiZrHf-HEA-DDRX-1100C_TEM_DislocationCharacterization,ma_roma_ft,direct,0.7070,1.00000,24,10000,1322,affine,0.86,19.161,22.370,0.000,0.042,0.167,0.292,18.179,18.751,ok,,0.5,0.5000,14
eval_MoTaTiZrHf-HEA-DDRX-1100C_TEM_DislocationCharacterization_0#2,DislocationCharacterization,MoTaTiZrHf-HEA-DDRX-1100C_TEM_DislocationCharacterization,ma_roma_ft,pyramid_v2,0.7070,1.00000,24,10000,1478,homography@direct,0.93,21.661,18.488,0.000,0.000,0.083,0.167,19.831,18.059,ok,,0.5,0.5000,14
eval_MoTaTiZrHf-HEA-DDRX-1100C_TEM_DislocationCharacterization_0#2,DislocationCharacterization,MoTaTiZrHf-HEA-DDRX-1100C_TEM_DislocationCharacterization,ma_roma_ft,direct,0.5000,1.00000,24,10000,885,affine,0.88,86.742,61.392,0.000,0.000,0.000,0.042,41.247,38.450,ok,,0.25,0.2500,7
eval_MoTaTiZrHf-HEA-DDRX-1100C_TEM_DislocationCharacterization_0#2,DislocationCharacterization,MoTaTiZrHf-HEA-DDRX-1100C_TEM_DislocationCharacterization,ma_roma_ft,pyramid_v2,0.5000,1.00000,24,10000,1066,homography@direct,0.88,114.143,72.165,0.000,0.000,0.000,0.042,118.294,79.741,ok,,0.25,0.2500,7
eval_MoTaTiZrHf-HEA-DDRX-1100C_TEM_DislocationCharacterization_0#2,DislocationCharacterization,MoTaTiZrHf-HEA-DDRX-1100C_TEM_DislocationCharacterization,ma_roma_ft,direct,0.3164,1.00000,24,10000,633,affine,0.79,53.289,53.455,0.000,0.000,0.000,0.042,76.132,66.675,ok,,0.1,0.1000,0
eval_MoTaTiZrHf-HEA-DDRX-1100C_TEM_DislocationCharacterization_0#2,DislocationCharacterization,MoTaTiZrHf-HEA-DDRX-1100C_TEM_DislocationCharacterization,ma_roma_ft,pyramid_v2,0.3164,1.00000,24,10000,735,affine@direct,0.81,1630.976,1599.305,0.000,0.000,0.000,0.000,1611.474,1594.235,ok,,0.1,0.1000,0
eval_MoTaTiZrHf-HEA-DDRX-1100C_TEM_DislocationCharacterization_0#2,DislocationCharacterization,MoTaTiZrHf-HEA-DDRX-1100C_TEM_DislocationCharacterization,ma_roma_ft,direct,0.2236,1.00000,24,10000,883,affine,0.73,3621.898,3576.606,0.000,0.000,0.000,0.000,3368.888,3375.528,ok,,0.05,0.0500,0
eval_MoTaTiZrHf-HEA-DDRX-1100C_TEM_DislocationCharacterization_0#2,DislocationCharacterization,MoTaTiZrHf-HEA-DDRX-1100C_TEM_DislocationCharacterization,ma_roma_ft,pyramid_v2,0.2236,1.00000,24,10000,866,affine@direct,0.74,3620.938,3549.974,0.000,0.000,0.000,0.000,3433.596,3441.967,ok,,0.05,0.0500,0
eval_MoTaTiZrHf-HEA-DDRX-1100C_TEM_DislocationCharacterization_0#2,DislocationCharacterization,MoTaTiZrHf-HEA-DDRX-1100C_TEM_DislocationCharacterization,ma_roma_ft,direct,0.1416,1.00000,24,10000,455,homography,0.65,1600.846,1655.391,0.000,0.000,0.000,0.000,1652.085,1723.783,ok,,0.02,0.0200,0
eval_MoTaTiZrHf-HEA-DDRX-1100C_TEM_DislocationCharacterization_0#2,DislocationCharacterization,MoTaTiZrHf-HEA-DDRX-1100C_TEM_DislocationCharacterization,ma_roma_ft,pyramid_v2,0.1416,1.00000,24,10000,332,homography@direct+zoom,1.21,1270.523,1399.130,0.000,0.000,0.000,0.000,1815.046,1788.239,ok,,0.02,0.0200,0
eval_MoTaTiZrHf-HEA-DDRX-1100C_TEM_DislocationCharacterization_0#3,DislocationCharacterization,MoTaTiZrHf-HEA-DDRX-1100C_TEM_DislocationCharacterization,ma_roma_ft,direct,0.7070,1.00000,24,10000,1668,affine,0.87,19.619,19.956,0.000,0.042,0.042,0.292,22.930,21.625,ok,,0.5,0.5000,14
eval_MoTaTiZrHf-HEA-DDRX-1100C_TEM_DislocationCharacterization_0#3,DislocationCharacterization,MoTaTiZrHf-HEA-DDRX-1100C_TEM_DislocationCharacterization,ma_roma_ft,pyramid_v2,0.7070,1.00000,24,10000,1485,homography@direct,0.94,20.301,20.458,0.000,0.000,0.000,0.208,20.406,20.062,ok,,0.5,0.5000,14
eval_MoTaTiZrHf-HEA-DDRX-1100C_TEM_DislocationCharacterization_0#3,DislocationCharacterization,MoTaTiZrHf-HEA-DDRX-1100C_TEM_DislocationCharacterization,ma_roma_ft,direct,0.5000,1.00000,24,10000,1695,affine,0.88,23.806,26.928,0.000,0.083,0.083,0.125,32.091,33.236,ok,,0.25,0.2500,7
eval_MoTaTiZrHf-HEA-DDRX-1100C_TEM_DislocationCharacterization_0#3,DislocationCharacterization,MoTaTiZrHf-HEA-DDRX-1100C_TEM_DislocationCharacterization,ma_roma_ft,pyramid_v2,0.5000,1.00000,24,10000,2019,affine@direct+zoom,3.57,20.678,22.852,0.042,0.042,0.083,0.250,43.867,27.302,ok,,0.25,0.2500,7
eval_MoTaTiZrHf-HEA-DDRX-1100C_TEM_DislocationCharacterization_0#3,DislocationCharacterization,MoTaTiZrHf-HEA-DDRX-1100C_TEM_DislocationCharacterization,ma_roma_ft,direct,0.3164,1.00000,24,10000,1221,affine,0.79,2514.879,2317.429,0.000,0.000,0.000,0.000,2460.438,2305.616,ok,,0.1,0.1000,0
eval_MoTaTiZrHf-HEA-DDRX-1100C_TEM_DislocationCharacterization_0#3,DislocationCharacterization,MoTaTiZrHf-HEA-DDRX-1100C_TEM_DislocationCharacterization,ma_roma_ft,pyramid_v2,0.3164,1.00000,24,10000,1252,affine@direct,0.82,2522.249,2325.486,0.000,0.000,0.000,0.000,2482.916,2317.168,ok,,0.1,0.1000,0
eval_MoTaTiZrHf-HEA-DDRX-1100C_TEM_DislocationCharacterization_0#3,DislocationCharacterization,MoTaTiZrHf-HEA-DDRX-1100C_TEM_DislocationCharacterization,ma_roma_ft,direct,0.2236,1.00000,24,10000,798,homography,0.72,2297.036,2016.667,0.000,0.000,0.000,0.000,2049.213,1957.557,ok,,0.05,0.0500,0
eval_MoTaTiZrHf-HEA-DDRX-1100C_TEM_DislocationCharacterization_0#3,DislocationCharacterization,MoTaTiZrHf-HEA-DDRX-1100C_TEM_DislocationCharacterization,ma_roma_ft,pyramid_v2,0.2236,1.00000,24,10000,558,homography@direct,1.45,1388.924,484.036,0.000,0.000,0.000,0.000,922.167,985.625,ok,,0.05,0.0500,0
eval_MoTaTiZrHf-HEA-DDRX-1100C_TEM_DislocationCharacterization_0#3,DislocationCharacterization,MoTaTiZrHf-HEA-DDRX-1100C_TEM_DislocationCharacterization,ma_roma_ft,direct,0.1416,1.00000,24,10000,607,affine,0.65,792.155,848.249,0.000,0.000,0.000,0.000,845.310,901.790,ok,,0.02,0.0200,0
eval_MoTaTiZrHf-HEA-DDRX-1100C_TEM_DislocationCharacterization_0#3,DislocationCharacterization,MoTaTiZrHf-HEA-DDRX-1100C_TEM_DislocationCharacterization,ma_roma_ft,pyramid_v2,0.1416,1.00000,24,10000,525,homography@direct,1.24,3099.162,829.043,0.000,0.000,0.000,0.000,817.874,860.891,ok,,0.02,0.0200,0
eval_MoTaTiZrHf-HEA-DDRX-1100C_TEM_DislocationCharacterization_0#4,DislocationCharacterization,MoTaTiZrHf-HEA-DDRX-1100C_TEM_DislocationCharacterization,ma_roma_ft,direct,0.7070,1.00000,17,10000,1390,homography,0.89,24.354,26.685,0.000,0.000,0.000,0.176,14.681,10.092,ok,,0.5,0.5000,8
eval_MoTaTiZrHf-HEA-DDRX-1100C_TEM_DislocationCharacterization_0#4,DislocationCharacterization,MoTaTiZrHf-HEA-DDRX-1100C_TEM_DislocationCharacterization,ma_roma_ft,pyramid_v2,0.7070,1.00000,17,10000,1428,affine@direct,0.94,14.800,15.498,0.000,0.059,0.118,0.294,13.527,11.216,ok,,0.5,0.5000,8
eval_MoTaTiZrHf-HEA-DDRX-1100C_TEM_DislocationCharacterization_0#4,DislocationCharacterization,MoTaTiZrHf-HEA-DDRX-1100C_TEM_DislocationCharacterization,ma_roma_ft,direct,0.5000,1.00000,17,10000,1959,affine,0.86,16.403,15.914,0.059,0.059,0.118,0.294,27.004,25.216,ok,,0.25,0.2500,5
eval_MoTaTiZrHf-HEA-DDRX-1100C_TEM_DislocationCharacterization_0#4,DislocationCharacterization,MoTaTiZrHf-HEA-DDRX-1100C_TEM_DislocationCharacterization,ma_roma_ft,pyramid_v2,0.5000,1.00000,17,10000,2048,homography@direct,1.82,23.564,23.851,0.000,0.000,0.000,0.118,25.027,26.019,ok,,0.25,0.2500,5
eval_MoTaTiZrHf-HEA-DDRX-1100C_TEM_DislocationCharacterization_0#4,DislocationCharacterization,MoTaTiZrHf-HEA-DDRX-1100C_TEM_DislocationCharacterization,ma_roma_ft,direct,0.3164,1.00000,17,10000,1308,affine,0.81,210.927,179.854,0.000,0.000,0.000,0.000,206.131,148.266,ok,,0.1,0.1000,1
eval_MoTaTiZrHf-HEA-DDRX-1100C_TEM_DislocationCharacterization_0#4,DislocationCharacterization,MoTaTiZrHf-HEA-DDRX-1100C_TEM_DislocationCharacterization,ma_roma_ft,pyramid_v2,0.3164,1.00000,17,10000,1137,affine@direct+zoom,2.36,245.086,163.741,0.000,0.000,0.000,0.000,286.360,333.199,ok,,0.1,0.1000,1
eval_MoTaTiZrHf-HEA-DDRX-1100C_TEM_DislocationCharacterization_0#4,DislocationCharacterization,MoTaTiZrHf-HEA-DDRX-1100C_TEM_DislocationCharacterization,ma_roma_ft,direct,0.2236,1.00000,17,10000,2490,affine,0.71,2244.277,2218.333,0.000,0.000,0.000,0.000,2181.675,2258.263,ok,,0.05,0.0500,1
eval_MoTaTiZrHf-HEA-DDRX-1100C_TEM_DislocationCharacterization_0#4,DislocationCharacterization,MoTaTiZrHf-HEA-DDRX-1100C_TEM_DislocationCharacterization,ma_roma_ft,pyramid_v2,0.2236,1.00000,17,10000,2538,affine@direct,0.76,2220.437,2213.969,0.000,0.000,0.000,0.000,2152.467,2205.055,ok,,0.05,0.0500,1
eval_MoTaTiZrHf-HEA-DDRX-1100C_TEM_DislocationCharacterization_0#4,DislocationCharacterization,MoTaTiZrHf-HEA-DDRX-1100C_TEM_DislocationCharacterization,ma_roma_ft,direct,0.1416,1.00000,17,10000,1298,affine,0.68,4228.100,4423.851,0.000,0.000,0.000,0.000,4209.885,4506.029,ok,,0.02,0.0200,1
eval_MoTaTiZrHf-HEA-DDRX-1100C_TEM_DislocationCharacterization_0#4,DislocationCharacterization,MoTaTiZrHf-HEA-DDRX-1100C_TEM_DislocationCharacterization,ma_roma_ft,pyramid_v2,0.1416,1.00000,17,10000,1173,affine@direct,0.70,4304.238,4737.450,0.000,0.000,0.000,0.000,4393.367,4741.259,ok,,0.02,0.0200,1
eval_MoTaTiZrHf-HEA-DDRX-1100C_TEM_DislocationCharacterization_0#5,DislocationCharacterization,MoTaTiZrHf-HEA-DDRX-1100C_TEM_DislocationCharacterization,ma_roma_ft,direct,0.7070,1.00000,17,10000,1029,affine,0.87,20.493,21.887,0.000,0.000,0.000,0.176,18.869,14.912,ok,,0.5,0.5000,8
eval_MoTaTiZrHf-HEA-DDRX-1100C_TEM_DislocationCharacterization_0#5,DislocationCharacterization,MoTaTiZrHf-HEA-DDRX-1100C_TEM_DislocationCharacterization,ma_roma_ft,pyramid_v2,0.7070,1.00000,17,10000,1036,affine@direct,0.92,19.761,21.111,0.000,0.000,0.000,0.235,18.904,18.459,ok,,0.5,0.5000,8
eval_MoTaTiZrHf-HEA-DDRX-1100C_TEM_DislocationCharacterization_0#5,DislocationCharacterization,MoTaTiZrHf-HEA-DDRX-1100C_TEM_DislocationCharacterization,ma_roma_ft,direct,0.5000,1.00000,17,10000,1808,affine,0.86,26.245,29.207,0.000,0.000,0.000,0.176,42.713,44.897,ok,,0.25,0.2500,5
eval_MoTaTiZrHf-HEA-DDRX-1100C_TEM_DislocationCharacterization_0#5,DislocationCharacterization,MoTaTiZrHf-HEA-DDRX-1100C_TEM_DislocationCharacterization,ma_roma_ft,pyramid_v2,0.5000,1.00000,17,10000,1505,homography@direct+zoom,2.68,27.409,28.498,0.000,0.000,0.000,0.118,44.221,43.439,ok,,0.25,0.2500,5
eval_MoTaTiZrHf-HEA-DDRX-1100C_TEM_DislocationCharacterization_0#5,DislocationCharacterization,MoTaTiZrHf-HEA-DDRX-1100C_TEM_DislocationCharacterization,ma_roma_ft,direct,0.3164,1.00000,17,10000,1665,homography,0.80,264.869,122.030,0.000,0.000,0.000,0.000,166.487,192.472,ok,,0.1,0.1000,1
eval_MoTaTiZrHf-HEA-DDRX-1100C_TEM_DislocationCharacterization_0#5,DislocationCharacterization,MoTaTiZrHf-HEA-DDRX-1100C_TEM_DislocationCharacterization,ma_roma_ft,pyramid_v2,0.3164,1.00000,17,10000,1705,homography@direct,1.58,286.502,126.032,0.000,0.000,0.000,0.000,175.700,215.370,ok,,0.1,0.1000,1
eval_MoTaTiZrHf-HEA-DDRX-1100C_TEM_DislocationCharacterization_0#5,DislocationCharacterization,MoTaTiZrHf-HEA-DDRX-1100C_TEM_DislocationCharacterization,ma_roma_ft,direct,0.2236,1.00000,17,10000,1376,affine,0.75,2023.873,2151.496,0.000,0.000,0.000,0.000,2189.344,2297.957,ok,,0.05,0.0500,1
eval_MoTaTiZrHf-HEA-DDRX-1100C_TEM_DislocationCharacterization_0#5,DislocationCharacterization,MoTaTiZrHf-HEA-DDRX-1100C_TEM_DislocationCharacterization,ma_roma_ft,pyramid_v2,0.2236,1.00000,17,10000,1816,affine@direct+zoom,2.19,159.572,149.625,0.000,0.000,0.000,0.000,199.978,191.156,ok,,0.05,0.0500,1
eval_MoTaTiZrHf-HEA-DDRX-1100C_TEM_DislocationCharacterization_0#5,DislocationCharacterization,MoTaTiZrHf-HEA-DDRX-1100C_TEM_DislocationCharacterization,ma_roma_ft,direct,0.1416,1.00000,17,10000,1694,homography,0.69,2308.175,1506.566,0.000,0.000,0.000,0.000,2081.914,1849.049,ok,,0.02,0.0200,1
eval_MoTaTiZrHf-HEA-DDRX-1100C_TEM_DislocationCharacterization_0#5,DislocationCharacterization,MoTaTiZrHf-HEA-DDRX-1100C_TEM_DislocationCharacterization,ma_roma_ft,pyramid_v2,0.1416,1.00000,17,10000,1823,affine@direct+zoom,1.83,1829.949,1698.006,0.000,0.000,0.000,0.000,1892.007,1847.809,ok,,0.02,0.0200,1
eval_MoTaTiZrHf-HEA-DDRX-1100C_TEM_DislocationCharacterization_0#6,DislocationCharacterization,MoTaTiZrHf-HEA-DDRX-1100C_TEM_DislocationCharacterization,ma_roma_ft,direct,0.7070,1.00000,17,10000,1450,homography,0.86,14.312,15.971,0.000,0.059,0.176,0.412,12.152,11.128,ok,,0.5,0.5000,8
eval_MoTaTiZrHf-HEA-DDRX-1100C_TEM_DislocationCharacterization_0#6,DislocationCharacterization,MoTaTiZrHf-HEA-DDRX-1100C_TEM_DislocationCharacterization,ma_roma_ft,pyramid_v2,0.7070,1.00000,17,10000,1435,homography@direct,0.91,18.264,18.657,0.000,0.000,0.118,0.176,13.505,9.567,ok,,0.5,0.5000,8
eval_MoTaTiZrHf-HEA-DDRX-1100C_TEM_DislocationCharacterization_0#6,DislocationCharacterization,MoTaTiZrHf-HEA-DDRX-1100C_TEM_DislocationCharacterization,ma_roma_ft,direct,0.5000,1.00000,17,10000,1180,affine,0.87,19.447,17.748,0.000,0.059,0.118,0.118,31.625,30.079,ok,,0.25,0.2500,5
eval_MoTaTiZrHf-HEA-DDRX-1100C_TEM_DislocationCharacterization_0#6,DislocationCharacterization,MoTaTiZrHf-HEA-DDRX-1100C_TEM_DislocationCharacterization,ma_roma_ft,pyramid_v2,0.5000,1.00000,17,10000,1251,homography@direct,1.79,25.921,27.925,0.000,0.059,0.059,0.118,29.435,30.036,ok,,0.25,0.2500,5
eval_MoTaTiZrHf-HEA-DDRX-1100C_TEM_DislocationCharacterization_0#6,DislocationCharacterization,MoTaTiZrHf-HEA-DDRX-1100C_TEM_DislocationCharacterization,ma_roma_ft,direct,0.3164,1.00000,17,10000,730,affine,0.82,229.033,246.801,0.000,0.000,0.000,0.000,288.661,295.711,ok,,0.1,0.1000,1
eval_MoTaTiZrHf-HEA-DDRX-1100C_TEM_DislocationCharacterization_0#6,DislocationCharacterization,MoTaTiZrHf-HEA-DDRX-1100C_TEM_DislocationCharacterization,ma_roma_ft,pyramid_v2,0.3164,1.00000,17,10000,672,homography@direct,1.57,4063.685,308.255,0.000,0.000,0.000,0.000,233.838,176.595,ok,,0.1,0.1000,1
eval_MoTaTiZrHf-HEA-DDRX-1100C_TEM_DislocationCharacterization_0#6,DislocationCharacterization,MoTaTiZrHf-HEA-DDRX-1100C_TEM_DislocationCharacterization,ma_roma_ft,direct,0.2236,1.00000,17,10000,1719,affine,0.72,1769.832,1909.749,0.000,0.000,0.000,0.000,1682.228,1880.712,ok,,0.05,0.0500,1
eval_MoTaTiZrHf-HEA-DDRX-1100C_TEM_DislocationCharacterization_0#6,DislocationCharacterization,MoTaTiZrHf-HEA-DDRX-1100C_TEM_DislocationCharacterization,ma_roma_ft,pyramid_v2,0.2236,1.00000,17,10000,1594,affine@direct+zoom,2.84,1493.717,1630.194,0.000,0.000,0.000,0.000,1489.180,1721.728,ok,,0.05,0.0500,1
eval_MoTaTiZrHf-HEA-DDRX-1100C_TEM_DislocationCharacterization_0#6,DislocationCharacterization,MoTaTiZrHf-HEA-DDRX-1100C_TEM_DislocationCharacterization,ma_roma_ft,direct,0.1416,1.00000,17,10000,1241,homography,0.64,1829.007,1367.012,0.000,0.000,0.000,0.000,1802.085,1963.341,ok,,0.02,0.0200,1
eval_MoTaTiZrHf-HEA-DDRX-1100C_TEM_DislocationCharacterization_0#6,DislocationCharacterization,MoTaTiZrHf-HEA-DDRX-1100C_TEM_DislocationCharacterization,ma_roma_ft,pyramid_v2,0.1416,1.00000,17,10000,687,affine@direct+zoom,1.90,3067.544,2869.540,0.000,0.000,0.000,0.000,2896.161,2680.683,ok,,0.02,0.0200,1
eval_MoTaTiZrHf-HEA-DDRX-1100C_TEM_DislocationCharacterization_0#9,DislocationCharacterization,MoTaTiZrHf-HEA-DDRX-1100C_TEM_DislocationCharacterization,ma_roma_ft,direct,0.7070,1.00000,24,10000,2103,homography,0.87,17.592,14.862,0.000,0.083,0.083,0.375,25.311,22.409,ok,,0.5,0.5000,14
eval_MoTaTiZrHf-HEA-DDRX-1100C_TEM_DislocationCharacterization_0#9,DislocationCharacterization,MoTaTiZrHf-HEA-DDRX-1100C_TEM_DislocationCharacterization,ma_roma_ft,pyramid_v2,0.7070,1.00000,24,10000,2188,affine@direct,0.94,20.313,17.615,0.000,0.000,0.042,0.167,22.928,19.830,ok,,0.5,0.5000,14
eval_MoTaTiZrHf-HEA-DDRX-1100C_TEM_DislocationCharacterization_0#9,DislocationCharacterization,MoTaTiZrHf-HEA-DDRX-1100C_TEM_DislocationCharacterization,ma_roma_ft,direct,0.5000,1.00000,24,10000,430,homography,0.86,171.233,102.766,0.000,0.000,0.000,0.000,51.560,50.196,ok,,0.25,0.2500,7
eval_MoTaTiZrHf-HEA-DDRX-1100C_TEM_DislocationCharacterization_0#9,DislocationCharacterization,MoTaTiZrHf-HEA-DDRX-1100C_TEM_DislocationCharacterization,ma_roma_ft,pyramid_v2,0.5000,1.00000,24,10000,402,homography@direct,0.86,1951.761,1519.327,0.000,0.000,0.000,0.000,1262.119,1314.924,ok,,0.25,0.2500,7
eval_MoTaTiZrHf-HEA-DDRX-1100C_TEM_DislocationCharacterization_0#9,DislocationCharacterization,MoTaTiZrHf-HEA-DDRX-1100C_TEM_DislocationCharacterization,ma_roma_ft,direct,0.3164,1.00000,24,10000,704,homography,0.82,3575.622,884.377,0.000,0.000,0.000,0.000,1149.832,1109.228,ok,,0.1,0.1000,0
eval_MoTaTiZrHf-HEA-DDRX-1100C_TEM_DislocationCharacterization_0#9,DislocationCharacterization,MoTaTiZrHf-HEA-DDRX-1100C_TEM_DislocationCharacterization,ma_roma_ft,pyramid_v2,0.3164,1.00000,24,10000,734,affine@direct,0.87,1231.200,1097.966,0.000,0.000,0.000,0.000,1216.736,1106.152,ok,,0.1,0.1000,0
eval_MoTaTiZrHf-HEA-DDRX-1100C_TEM_DislocationCharacterization_0#9,DislocationCharacterization,MoTaTiZrHf-HEA-DDRX-1100C_TEM_DislocationCharacterization,ma_roma_ft,direct,0.2236,1.00000,24,10000,993,affine,0.70,951.078,1044.422,0.000,0.000,0.000,0.000,950.106,1035.365,ok,,0.05,0.0500,0
eval_MoTaTiZrHf-HEA-DDRX-1100C_TEM_DislocationCharacterization_0#9,DislocationCharacterization,MoTaTiZrHf-HEA-DDRX-1100C_TEM_DislocationCharacterization,ma_roma_ft,pyramid_v2,0.2236,1.00000,24,10000,1057,affine@direct+zoom,2.03,516.118,485.098,0.000,0.000,0.000,0.000,630.691,670.937,ok,,0.05,0.0500,0
eval_MoTaTiZrHf-HEA-DDRX-1100C_TEM_DislocationCharacterization_0#9,DislocationCharacterization,MoTaTiZrHf-HEA-DDRX-1100C_TEM_DislocationCharacterization,ma_roma_ft,direct,0.1416,1.00000,24,10000,992,affine,0.70,4976.054,4924.140,0.000,0.000,0.000,0.000,4898.034,4836.041,ok,,0.02,0.0200,0
eval_MoTaTiZrHf-HEA-DDRX-1100C_TEM_DislocationCharacterization_0#9,DislocationCharacterization,MoTaTiZrHf-HEA-DDRX-1100C_TEM_DislocationCharacterization,ma_roma_ft,pyramid_v2,0.1416,1.00000,24,10000,1072,affine@direct,0.74,5069.551,5047.200,0.000,0.000,0.000,0.000,4962.662,4952.083,ok,,0.02,0.0200,0
eval_MoTaTiZrHf-HEA-DDRX-1100C_TEM_DislocationCharacterization_0#10,DislocationCharacterization,MoTaTiZrHf-HEA-DDRX-1100C_TEM_DislocationCharacterization,ma_roma_ft,direct,0.7070,1.00000,24,10000,1668,affine,0.84,19.972,16.985,0.000,0.000,0.167,0.292,17.819,16.850,ok,,0.5,0.5000,14
eval_MoTaTiZrHf-HEA-DDRX-1100C_TEM_DislocationCharacterization_0#10,DislocationCharacterization,MoTaTiZrHf-HEA-DDRX-1100C_TEM_DislocationCharacterization,ma_roma_ft,pyramid_v2,0.7070,1.00000,24,10000,1661,homography@direct,0.95,17.709,15.883,0.000,0.042,0.083,0.333,18.113,16.912,ok,,0.5,0.5000,14
eval_MoTaTiZrHf-HEA-DDRX-1100C_TEM_DislocationCharacterization_0#10,DislocationCharacterization,MoTaTiZrHf-HEA-DDRX-1100C_TEM_DislocationCharacterization,ma_roma_ft,direct,0.5000,1.00000,24,10000,1453,affine,0.91,1332.623,1338.171,0.000,0.000,0.000,0.000,1252.735,1273.066,ok,,0.25,0.2500,7
eval_MoTaTiZrHf-HEA-DDRX-1100C_TEM_DislocationCharacterization_0#10,DislocationCharacterization,MoTaTiZrHf-HEA-DDRX-1100C_TEM_DislocationCharacterization,ma_roma_ft,pyramid_v2,0.5000,1.00000,24,10000,1415,affine@direct,0.94,1328.599,1345.512,0.000,0.000,0.000,0.000,1231.350,1249.571,ok,,0.25,0.2500,7
eval_MoTaTiZrHf-HEA-DDRX-1100C_TEM_DislocationCharacterization_0#10,DislocationCharacterization,MoTaTiZrHf-HEA-DDRX-1100C_TEM_DislocationCharacterization,ma_roma_ft,direct,0.3164,1.00000,24,10000,675,homography,0.80,9913.344,1947.506,0.000,0.000,0.000,0.000,1224.461,1174.682,ok,,0.1,0.1000,0
eval_MoTaTiZrHf-HEA-DDRX-1100C_TEM_DislocationCharacterization_0#10,DislocationCharacterization,MoTaTiZrHf-HEA-DDRX-1100C_TEM_DislocationCharacterization,ma_roma_ft,pyramid_v2,0.3164,1.00000,24,10000,940,homography@direct,1.46,4509.588,2686.532,0.000,0.000,0.000,0.000,1260.772,1196.682,ok,,0.1,0.1000,0
eval_MoTaTiZrHf-HEA-DDRX-1100C_TEM_DislocationCharacterization_0#10,DislocationCharacterization,MoTaTiZrHf-HEA-DDRX-1100C_TEM_DislocationCharacterization,ma_roma_ft,direct,0.2236,1.00000,24,10000,2625,affine,0.69,1625.718,1577.423,0.000,0.000,0.000,0.000,1688.000,1699.498,ok,,0.05,0.0500,0
eval_MoTaTiZrHf-HEA-DDRX-1100C_TEM_DislocationCharacterization_0#10,DislocationCharacterization,MoTaTiZrHf-HEA-DDRX-1100C_TEM_DislocationCharacterization,ma_roma_ft,pyramid_v2,0.2236,1.00000,24,10000,2617,homography@direct,0.73,1787.397,1557.848,0.000,0.000,0.000,0.000,1680.657,1704.552,ok,,0.05,0.0500,0
eval_MoTaTiZrHf-HEA-DDRX-1100C_TEM_DislocationCharacterization_0#10,DislocationCharacterization,MoTaTiZrHf-HEA-DDRX-1100C_TEM_DislocationCharacterization,ma_roma_ft,direct,0.1416,1.00000,24,10000,296,homography,0.66,3428.995,2181.494,0.000,0.000,0.000,0.000,2492.481,2462.685,ok,,0.02,0.0200,0
eval_MoTaTiZrHf-HEA-DDRX-1100C_TEM_DislocationCharacterization_0#10,DislocationCharacterization,MoTaTiZrHf-HEA-DDRX-1100C_TEM_DislocationCharacterization,ma_roma_ft,pyramid_v2,0.1416,1.00000,24,10000,375,homography@direct,0.64,2950.807,1841.063,0.000,0.000,0.000,0.000,2512.972,2512.839,ok,,0.02,0.0200,0
eval_MoTaTiZrHf-HEA-DDRX-1100C_TEM_DislocationCharacterization_0#12,DislocationCharacterization,MoTaTiZrHf-HEA-DDRX-1100C_TEM_DislocationCharacterization,ma_roma_ft,direct,0.7070,1.00000,17,10000,1490,homography,0.86,21.774,18.579,0.000,0.000,0.059,0.235,18.037,9.659,ok,,0.5,0.5000,8
eval_MoTaTiZrHf-HEA-DDRX-1100C_TEM_DislocationCharacterization_0#12,DislocationCharacterization,MoTaTiZrHf-HEA-DDRX-1100C_TEM_DislocationCharacterization,ma_roma_ft,pyramid_v2,0.7070,1.00000,17,10000,1433,homography@direct,0.91,18.540,17.034,0.000,0.059,0.176,0.176,24.452,17.834,ok,,0.5,0.5000,8
eval_MoTaTiZrHf-HEA-DDRX-1100C_TEM_DislocationCharacterization_0#12,DislocationCharacterization,MoTaTiZrHf-HEA-DDRX-1100C_TEM_DislocationCharacterization,ma_roma_ft,direct,0.5000,1.00000,17,10000,2226,affine,0.90,47.238,45.779,0.000,0.000,0.059,0.059,57.192,53.141,ok,,0.25,0.2500,5
eval_MoTaTiZrHf-HEA-DDRX-1100C_TEM_DislocationCharacterization_0#12,DislocationCharacterization,MoTaTiZrHf-HEA-DDRX-1100C_TEM_DislocationCharacterization,ma_roma_ft,pyramid_v2,0.5000,1.00000,17,10000,2200,affine@direct,1.79,45.155,43.989,0.000,0.000,0.059,0.118,63.396,59.039,ok,,0.25,0.2500,5
eval_MoTaTiZrHf-HEA-DDRX-1100C_TEM_DislocationCharacterization_0#12,DislocationCharacterization,MoTaTiZrHf-HEA-DDRX-1100C_TEM_DislocationCharacterization,ma_roma_ft,direct,0.3164,1.00000,17,10000,549,affine,0.81,584.434,563.938,0.000,0.000,0.000,0.000,632.322,655.536,ok,,0.1,0.1000,1
eval_MoTaTiZrHf-HEA-DDRX-1100C_TEM_DislocationCharacterization_0#12,DislocationCharacterization,MoTaTiZrHf-HEA-DDRX-1100C_TEM_DislocationCharacterization,ma_roma_ft,pyramid_v2,0.3164,1.00000,17,10000,1636,homography@direct+zoom,2.35,182.453,131.109,0.000,0.000,0.000,0.000,251.042,277.525,ok,,0.1,0.1000,1
eval_MoTaTiZrHf-HEA-DDRX-1100C_TEM_DislocationCharacterization_0#12,DislocationCharacterization,MoTaTiZrHf-HEA-DDRX-1100C_TEM_DislocationCharacterization,ma_roma_ft,direct,0.2236,1.00000,17,10000,386,affine,0.72,1692.904,1688.197,0.000,0.000,0.000,0.000,1649.753,1641.017,ok,,0.05,0.0500,1
eval_MoTaTiZrHf-HEA-DDRX-1100C_TEM_DislocationCharacterization_0#12,DislocationCharacterization,MoTaTiZrHf-HEA-DDRX-1100C_TEM_DislocationCharacterization,ma_roma_ft,pyramid_v2,0.2236,1.00000,17,10000,398,affine@direct,1.44,1705.763,1822.399,0.000,0.000,0.000,0.000,1676.219,1765.949,ok,,0.05,0.0500,1
eval_MoTaTiZrHf-HEA-DDRX-1100C_TEM_DislocationCharacterization_0#12,DislocationCharacterization,MoTaTiZrHf-HEA-DDRX-1100C_TEM_DislocationCharacterization,ma_roma_ft,direct,0.1416,1.00000,17,10000,2058,affine,0.66,4752.169,4921.156,0.000,0.000,0.000,0.000,4768.758,5140.878,ok,,0.02,0.0200,1
eval_MoTaTiZrHf-HEA-DDRX-1100C_TEM_DislocationCharacterization_0#12,DislocationCharacterization,MoTaTiZrHf-HEA-DDRX-1100C_TEM_DislocationCharacterization,ma_roma_ft,pyramid_v2,0.1416,1.00000,17,10000,2145,affine@direct,0.70,4753.127,4930.500,0.000,0.000,0.000,0.000,4743.555,5014.419,ok,,0.02,0.0200,1
eval_MoTaTiZrHf-HEA-DDRX-1100C_TEM_DislocationCharacterization_0#13,DislocationCharacterization,MoTaTiZrHf-HEA-DDRX-1100C_TEM_DislocationCharacterization,ma_roma_ft,direct,0.7070,1.00000,17,10000,1572,affine,0.83,12.488,13.044,0.000,0.059,0.176,0.412,12.192,12.122,ok,,0.5,0.5000,8
eval_MoTaTiZrHf-HEA-DDRX-1100C_TEM_DislocationCharacterization_0#13,DislocationCharacterization,MoTaTiZrHf-HEA-DDRX-1100C_TEM_DislocationCharacterization,ma_roma_ft,pyramid_v2,0.7070,1.00000,17,10000,1452,affine@direct,0.90,15.138,15.793,0.000,0.000,0.118,0.235,12.887,12.490,ok,,0.5,0.5000,8
eval_MoTaTiZrHf-HEA-DDRX-1100C_TEM_DislocationCharacterization_0#13,DislocationCharacterization,MoTaTiZrHf-HEA-DDRX-1100C_TEM_DislocationCharacterization,ma_roma_ft,direct,0.5000,1.00000,17,10000,3474,affine,0.87,14.631,16.976,0.000,0.000,0.118,0.294,24.045,21.695,ok,,0.25,0.2500,5
eval_MoTaTiZrHf-HEA-DDRX-1100C_TEM_DislocationCharacterization_0#13,DislocationCharacterization,MoTaTiZrHf-HEA-DDRX-1100C_TEM_DislocationCharacterization,ma_roma_ft,pyramid_v2,0.5000,1.00000,17,10000,3929,homography@direct,1.79,21.595,20.196,0.000,0.059,0.118,0.176,42.126,29.720,ok,,0.25,0.2500,5
eval_MoTaTiZrHf-HEA-DDRX-1100C_TEM_DislocationCharacterization_0#13,DislocationCharacterization,MoTaTiZrHf-HEA-DDRX-1100C_TEM_DislocationCharacterization,ma_roma_ft,direct,0.3164,1.00000,17,10000,861,affine,0.83,181.683,140.359,0.000,0.000,0.000,0.000,209.311,196.789,ok,,0.1,0.1000,1
eval_MoTaTiZrHf-HEA-DDRX-1100C_TEM_DislocationCharacterization_0#13,DislocationCharacterization,MoTaTiZrHf-HEA-DDRX-1100C_TEM_DislocationCharacterization,ma_roma_ft,pyramid_v2,0.3164,1.00000,17,10000,2070,affine@direct+zoom,2.35,88.500,91.327,0.000,0.000,0.000,0.000,117.130,130.310,ok,,0.1,0.1000,1
eval_MoTaTiZrHf-HEA-DDRX-1100C_TEM_DislocationCharacterization_0#13,DislocationCharacterization,MoTaTiZrHf-HEA-DDRX-1100C_TEM_DislocationCharacterization,ma_roma_ft,direct,0.2236,1.00000,17,10000,1363,affine,0.75,504.817,481.400,0.000,0.000,0.000,0.000,633.912,587.166,ok,,0.05,0.0500,1
eval_MoTaTiZrHf-HEA-DDRX-1100C_TEM_DislocationCharacterization_0#13,DislocationCharacterization,MoTaTiZrHf-HEA-DDRX-1100C_TEM_DislocationCharacterization,ma_roma_ft,pyramid_v2,0.2236,1.00000,17,10000,1548,homography@direct,1.52,4330.409,397.177,0.000,0.000,0.000,0.000,704.682,717.389,ok,,0.05,0.0500,1
eval_MoTaTiZrHf-HEA-DDRX-1100C_TEM_DislocationCharacterization_0#13,DislocationCharacterization,MoTaTiZrHf-HEA-DDRX-1100C_TEM_DislocationCharacterization,ma_roma_ft,direct,0.1416,1.00000,17,10000,709,affine,0.67,1810.380,1923.842,0.000,0.000,0.000,0.000,1823.439,1957.930,ok,,0.02,0.0200,1
eval_MoTaTiZrHf-HEA-DDRX-1100C_TEM_DislocationCharacterization_0#13,DislocationCharacterization,MoTaTiZrHf-HEA-DDRX-1100C_TEM_DislocationCharacterization,ma_roma_ft,pyramid_v2,0.1416,1.00000,17,10000,1462,affine@direct+zoom,1.30,3528.019,3617.873,0.000,0.000,0.000,0.000,3414.011,3485.602,ok,,0.02,0.0200,1
eval_MoTaTiZrHf-HEA-DDRX-1100C_TEM_DislocationCharacterization_0#14,DislocationCharacterization,MoTaTiZrHf-HEA-DDRX-1100C_TEM_DislocationCharacterization,ma_roma_ft,direct,0.7070,1.00000,17,10000,1452,affine,0.84,17.374,16.314,0.000,0.000,0.059,0.294,20.251,17.729,ok,,0.5,0.5000,8
eval_MoTaTiZrHf-HEA-DDRX-1100C_TEM_DislocationCharacterization_0#14,DislocationCharacterization,MoTaTiZrHf-HEA-DDRX-1100C_TEM_DislocationCharacterization,ma_roma_ft,pyramid_v2,0.7070,1.00000,17,10000,1421,affine@direct,0.91,17.660,16.567,0.000,0.000,0.118,0.353,23.341,17.439,ok,,0.5,0.5000,8
eval_MoTaTiZrHf-HEA-DDRX-1100C_TEM_DislocationCharacterization_0#14,DislocationCharacterization,MoTaTiZrHf-HEA-DDRX-1100C_TEM_DislocationCharacterization,ma_roma_ft,direct,0.5000,1.00000,17,10000,902,affine,0.88,82.890,51.520,0.000,0.000,0.000,0.118,86.193,82.486,ok,,0.25,0.2500,5
eval_MoTaTiZrHf-HEA-DDRX-1100C_TEM_DislocationCharacterization_0#14,DislocationCharacterization,MoTaTiZrHf-HEA-DDRX-1100C_TEM_DislocationCharacterization,ma_roma_ft,pyramid_v2,0.5000,1.00000,17,10000,2206,affine@direct+zoom,3.52,21.799,21.018,0.000,0.000,0.000,0.118,38.844,22.345,ok,,0.25,0.2500,5
eval_MoTaTiZrHf-HEA-DDRX-1100C_TEM_DislocationCharacterization_0#14,DislocationCharacterization,MoTaTiZrHf-HEA-DDRX-1100C_TEM_DislocationCharacterization,ma_roma_ft,direct,0.3164,1.00000,17,10000,1098,affine,0.80,2200.849,2372.019,0.000,0.000,0.000,0.000,2153.328,2287.966,ok,,0.1,0.1000,1
eval_MoTaTiZrHf-HEA-DDRX-1100C_TEM_DislocationCharacterization_0#14,DislocationCharacterization,MoTaTiZrHf-HEA-DDRX-1100C_TEM_DislocationCharacterization,ma_roma_ft,pyramid_v2,0.3164,1.00000,17,10000,1238,homography@direct,0.80,2510.812,2021.100,0.000,0.000,0.000,0.000,2117.071,2225.260,ok,,0.1,0.1000,1
eval_MoTaTiZrHf-HEA-DDRX-1100C_TEM_DislocationCharacterization_0#14,DislocationCharacterization,MoTaTiZrHf-HEA-DDRX-1100C_TEM_DislocationCharacterization,ma_roma_ft,direct,0.2236,1.00000,17,10000,1030,affine,0.76,1748.145,1909.746,0.000,0.000,0.000,0.000,1494.735,1644.941,ok,,0.05,0.0500,1
eval_MoTaTiZrHf-HEA-DDRX-1100C_TEM_DislocationCharacterization_0#14,DislocationCharacterization,MoTaTiZrHf-HEA-DDRX-1100C_TEM_DislocationCharacterization,ma_roma_ft,pyramid_v2,0.2236,1.00000,17,10000,918,affine@direct+zoom,1.45,2354.601,2628.120,0.000,0.000,0.000,0.000,2269.074,2467.754,ok,,0.05,0.0500,1
eval_MoTaTiZrHf-HEA-DDRX-1100C_TEM_DislocationCharacterization_0#14,DislocationCharacterization,MoTaTiZrHf-HEA-DDRX-1100C_TEM_DislocationCharacterization,ma_roma_ft,direct,0.1416,1.00000,17,10000,498,homography,0.67,1768.827,1921.836,0.000,0.000,0.000,0.000,1956.479,2146.838,ok,,0.02,0.0200,1
eval_MoTaTiZrHf-HEA-DDRX-1100C_TEM_DislocationCharacterization_0#14,DislocationCharacterization,MoTaTiZrHf-HEA-DDRX-1100C_TEM_DislocationCharacterization,ma_roma_ft,pyramid_v2,0.1416,1.00000,17,10000,364,affine@direct,1.28,1792.727,1972.098,0.000,0.000,0.000,0.000,2179.712,2554.991,ok,,0.02,0.0200,1
eval_MoTaTiZrHf-HEA-DDRX-1100C_TEM_DislocationCharacterization_0#15,DislocationCharacterization,MoTaTiZrHf-HEA-DDRX-1100C_TEM_DislocationCharacterization,ma_roma_ft,direct,0.7070,1.00000,17,10000,1433,affine,0.83,17.141,15.908,0.000,0.000,0.059,0.294,20.083,16.781,ok,,0.5,0.5000,8
eval_MoTaTiZrHf-HEA-DDRX-1100C_TEM_DislocationCharacterization_0#15,DislocationCharacterization,MoTaTiZrHf-HEA-DDRX-1100C_TEM_DislocationCharacterization,ma_roma_ft,pyramid_v2,0.7070,1.00000,17,10000,1432,affine@direct,0.91,18.777,17.771,0.000,0.000,0.059,0.294,22.688,19.437,ok,,0.5,0.5000,8
eval_MoTaTiZrHf-HEA-DDRX-1100C_TEM_DislocationCharacterization_0#15,DislocationCharacterization,MoTaTiZrHf-HEA-DDRX-1100C_TEM_DislocationCharacterization,ma_roma_ft,direct,0.5000,1.00000,17,10000,1406,affine,0.85,42.822,34.381,0.000,0.000,0.000,0.059,47.263,42.644,ok,,0.25,0.2500,5
eval_MoTaTiZrHf-HEA-DDRX-1100C_TEM_DislocationCharacterization_0#15,DislocationCharacterization,MoTaTiZrHf-HEA-DDRX-1100C_TEM_DislocationCharacterization,ma_roma_ft,pyramid_v2,0.5000,1.00000,17,10000,2090,affine@direct+zoom,2.64,16.423,14.992,0.000,0.059,0.118,0.176,42.913,41.113,ok,,0.25,0.2500,5
eval_MoTaTiZrHf-HEA-DDRX-1100C_TEM_DislocationCharacterization_0#15,DislocationCharacterization,MoTaTiZrHf-HEA-DDRX-1100C_TEM_DislocationCharacterization,ma_roma_ft,direct,0.3164,1.00000,17,10000,775,affine,0.84,2110.078,2279.906,0.000,0.000,0.000,0.000,2009.804,2136.949,ok,,0.1,0.1000,1
eval_MoTaTiZrHf-HEA-DDRX-1100C_TEM_DislocationCharacterization_0#15,DislocationCharacterization,MoTaTiZrHf-HEA-DDRX-1100C_TEM_DislocationCharacterization,ma_roma_ft,pyramid_v2,0.3164,1.00000,17,10000,1149,homography@direct,0.82,9699.570,1067.699,0.000,0.000,0.000,0.000,1882.835,1869.495,ok,,0.1,0.1000,1
eval_MoTaTiZrHf-HEA-DDRX-1100C_TEM_DislocationCharacterization_0#15,DislocationCharacterization,MoTaTiZrHf-HEA-DDRX-1100C_TEM_DislocationCharacterization,ma_roma_ft,direct,0.2236,1.00000,17,10000,1369,affine,0.71,2444.121,2658.012,0.000,0.000,0.000,0.000,2296.084,2499.009,ok,,0.05,0.0500,1
eval_MoTaTiZrHf-HEA-DDRX-1100C_TEM_DislocationCharacterization_0#15,DislocationCharacterization,MoTaTiZrHf-HEA-DDRX-1100C_TEM_DislocationCharacterization,ma_roma_ft,pyramid_v2,0.2236,1.00000,17,10000,1458,affine@direct,1.44,2379.839,2579.474,0.000,0.000,0.000,0.000,2240.979,2435.079,ok,,0.05,0.0500,1
eval_MoTaTiZrHf-HEA-DDRX-1100C_TEM_DislocationCharacterization_0#15,DislocationCharacterization,MoTaTiZrHf-HEA-DDRX-1100C_TEM_DislocationCharacterization,ma_roma_ft,direct,0.1416,1.00000,17,10000,165,homography,0.66,15758.594,2766.934,0.000,0.000,0.000,0.000,8718.651,7898.142,ok,,0.02,0.0200,1
eval_MoTaTiZrHf-HEA-DDRX-1100C_TEM_DislocationCharacterization_0#15,DislocationCharacterization,MoTaTiZrHf-HEA-DDRX-1100C_TEM_DislocationCharacterization,ma_roma_ft,pyramid_v2,0.1416,1.00000,17,10000,460,affine@direct+zoom,1.24,6626.794,6791.539,0.000,0.000,0.000,0.000,6345.115,6379.919,ok,,0.02,0.0200,1
eval_MoTaTiZrHf-HEA-DDRX-1100C_TEM_DislocationCharacterization_0#16,DislocationCharacterization,MoTaTiZrHf-HEA-DDRX-1100C_TEM_DislocationCharacterization,ma_roma_ft,direct,0.7070,1.00000,24,10000,2087,affine,0.86,22.058,20.061,0.000,0.000,0.000,0.250,20.398,20.694,ok,,0.5,0.5000,14
eval_MoTaTiZrHf-HEA-DDRX-1100C_TEM_DislocationCharacterization_0#16,DislocationCharacterization,MoTaTiZrHf-HEA-DDRX-1100C_TEM_DislocationCharacterization,ma_roma_ft,pyramid_v2,0.7070,1.00000,24,10000,2085,affine@direct,0.91,22.922,20.508,0.000,0.000,0.042,0.208,21.439,21.023,ok,,0.5,0.5000,14
eval_MoTaTiZrHf-HEA-DDRX-1100C_TEM_DislocationCharacterization_0#16,DislocationCharacterization,MoTaTiZrHf-HEA-DDRX-1100C_TEM_DislocationCharacterization,ma_roma_ft,direct,0.5000,1.00000,24,10000,2871,affine,0.90,23.163,22.304,0.000,0.000,0.083,0.083,37.189,34.836,ok,,0.25,0.2500,7
eval_MoTaTiZrHf-HEA-DDRX-1100C_TEM_DislocationCharacterization_0#16,DislocationCharacterization,MoTaTiZrHf-HEA-DDRX-1100C_TEM_DislocationCharacterization,ma_roma_ft,pyramid_v2,0.5000,1.00000,24,10000,3137,affine@direct,1.78,22.313,19.522,0.000,0.000,0.042,0.083,30.443,30.881,ok,,0.25,0.2500,7
eval_MoTaTiZrHf-HEA-DDRX-1100C_TEM_DislocationCharacterization_0#16,DislocationCharacterization,MoTaTiZrHf-HEA-DDRX-1100C_TEM_DislocationCharacterization,ma_roma_ft,direct,0.3164,1.00000,24,10000,388,affine,0.83,267.096,287.632,0.000,0.000,0.000,0.000,400.640,414.037,ok,,0.1,0.1000,0
eval_MoTaTiZrHf-HEA-DDRX-1100C_TEM_DislocationCharacterization_0#16,DislocationCharacterization,MoTaTiZrHf-HEA-DDRX-1100C_TEM_DislocationCharacterization,ma_roma_ft,pyramid_v2,0.3164,1.00000,24,10000,1769,affine@direct+zoom,3.08,138.952,157.551,0.000,0.000,0.000,0.000,200.715,217.759,ok,,0.1,0.1000,0
eval_MoTaTiZrHf-HEA-DDRX-1100C_TEM_DislocationCharacterization_0#16,DislocationCharacterization,MoTaTiZrHf-HEA-DDRX-1100C_TEM_DislocationCharacterization,ma_roma_ft,direct,0.2236,1.00000,24,10000,884,affine,0.78,2470.791,2613.163,0.000,0.000,0.000,0.000,2277.206,2392.463,ok,,0.05,0.0500,0
eval_MoTaTiZrHf-HEA-DDRX-1100C_TEM_DislocationCharacterization_0#16,DislocationCharacterization,MoTaTiZrHf-HEA-DDRX-1100C_TEM_DislocationCharacterization,ma_roma_ft,pyramid_v2,0.2236,1.00000,24,10000,949,affine@direct,0.73,2473.167,2624.089,0.000,0.000,0.000,0.000,2273.339,2387.571,ok,,0.05,0.0500,0
eval_MoTaTiZrHf-HEA-DDRX-1100C_TEM_DislocationCharacterization_0#16,DislocationCharacterization,MoTaTiZrHf-HEA-DDRX-1100C_TEM_DislocationCharacterization,ma_roma_ft,direct,0.1416,1.00000,24,10000,1798,homography,0.70,2186.229,2050.877,0.000,0.000,0.000,0.000,1999.741,2057.765,ok,,0.02,0.0200,0
eval_MoTaTiZrHf-HEA-DDRX-1100C_TEM_DislocationCharacterization_0#16,DislocationCharacterization,MoTaTiZrHf-HEA-DDRX-1100C_TEM_DislocationCharacterization,ma_roma_ft,pyramid_v2,0.1416,1.00000,24,10000,1087,affine@direct+zoom,1.87,1550.588,1421.799,0.000,0.000,0.000,0.000,1455.143,1346.289,ok,,0.02,0.0200,0
eval_MoTaTiZrHf-HEA-DDRX-1100C_TEM_DislocationCharacterization_0#17,DislocationCharacterization,MoTaTiZrHf-HEA-DDRX-1100C_TEM_DislocationCharacterization,ma_roma_ft,direct,0.7070,1.00000,24,10000,3046,affine,0.86,16.471,13.451,0.000,0.083,0.125,0.333,18.002,12.135,ok,,0.5,0.5000,14
eval_MoTaTiZrHf-HEA-DDRX-1100C_TEM_DislocationCharacterization_0#17,DislocationCharacterization,MoTaTiZrHf-HEA-DDRX-1100C_TEM_DislocationCharacterization,ma_roma_ft,pyramid_v2,0.7070,1.00000,24,10000,2810,homography@direct,0.95,15.698,12.712,0.083,0.125,0.208,0.417,19.479,14.140,ok,,0.5,0.5000,14
eval_MoTaTiZrHf-HEA-DDRX-1100C_TEM_DislocationCharacterization_0#17,DislocationCharacterization,MoTaTiZrHf-HEA-DDRX-1100C_TEM_DislocationCharacterization,ma_roma_ft,direct,0.5000,1.00000,24,10000,1559,affine,0.90,29.572,27.253,0.000,0.000,0.000,0.000,57.792,43.280,ok,,0.25,0.2500,7
eval_MoTaTiZrHf-HEA-DDRX-1100C_TEM_DislocationCharacterization_0#17,DislocationCharacterization,MoTaTiZrHf-HEA-DDRX-1100C_TEM_DislocationCharacterization,ma_roma_ft,pyramid_v2,0.5000,1.00000,24,10000,1596,affine@direct,1.81,31.033,29.138,0.000,0.000,0.000,0.042,33.552,28.664,ok,,0.25,0.2500,7
eval_MoTaTiZrHf-HEA-DDRX-1100C_TEM_DislocationCharacterization_0#17,DislocationCharacterization,MoTaTiZrHf-HEA-DDRX-1100C_TEM_DislocationCharacterization,ma_roma_ft,direct,0.3164,1.00000,24,10000,781,affine,0.89,1619.127,1639.601,0.000,0.000,0.000,0.000,1601.320,1611.055,ok,,0.1,0.1000,0
eval_MoTaTiZrHf-HEA-DDRX-1100C_TEM_DislocationCharacterization_0#17,DislocationCharacterization,MoTaTiZrHf-HEA-DDRX-1100C_TEM_DislocationCharacterization,ma_roma_ft,pyramid_v2,0.3164,1.00000,24,10000,792,affine@direct,0.86,1607.827,1627.513,0.000,0.000,0.000,0.000,1583.747,1582.174,ok,,0.1,0.1000,0
eval_MoTaTiZrHf-HEA-DDRX-1100C_TEM_DislocationCharacterization_0#17,DislocationCharacterization,MoTaTiZrHf-HEA-DDRX-1100C_TEM_DislocationCharacterization,ma_roma_ft,direct,0.2236,1.00000,24,10000,1209,homography,0.75,5978.247,1672.660,0.000,0.000,0.000,0.000,1996.479,1763.642,ok,,0.05,0.0500,0
eval_MoTaTiZrHf-HEA-DDRX-1100C_TEM_DislocationCharacterization_0#17,DislocationCharacterization,MoTaTiZrHf-HEA-DDRX-1100C_TEM_DislocationCharacterization,ma_roma_ft,pyramid_v2,0.2236,1.00000,24,10000,1228,affine@direct,1.54,1862.655,1678.069,0.000,0.000,0.000,0.000,1849.638,1682.516,ok,,0.05,0.0500,0
eval_MoTaTiZrHf-HEA-DDRX-1100C_TEM_DislocationCharacterization_0#17,DislocationCharacterization,MoTaTiZrHf-HEA-DDRX-1100C_TEM_DislocationCharacterization,ma_roma_ft,direct,0.1416,1.00000,24,10000,704,homography,0.65,4258.786,849.928,0.000,0.000,0.000,0.000,914.244,962.567,ok,,0.02,0.0200,0
eval_MoTaTiZrHf-HEA-DDRX-1100C_TEM_DislocationCharacterization_0#17,DislocationCharacterization,MoTaTiZrHf-HEA-DDRX-1100C_TEM_DislocationCharacterization,ma_roma_ft,pyramid_v2,0.1416,1.00000,24,10000,1034,homography@direct,1.28,805.322,659.798,0.000,0.000,0.000,0.000,739.412,780.864,ok,,0.02,0.0200,0
eval_MoTaTiZrHf-HEA-DDRX-1100C_TEM_DislocationCharacterization_0#18,DislocationCharacterization,MoTaTiZrHf-HEA-DDRX-1100C_TEM_DislocationCharacterization,ma_roma_ft,direct,0.7070,1.00000,24,10000,1517,affine,0.85,15.946,12.269,0.000,0.000,0.042,0.417,27.873,18.698,ok,,0.5,0.5000,14
eval_MoTaTiZrHf-HEA-DDRX-1100C_TEM_DislocationCharacterization_0#18,DislocationCharacterization,MoTaTiZrHf-HEA-DDRX-1100C_TEM_DislocationCharacterization,ma_roma_ft,pyramid_v2,0.7070,1.00000,24,10000,1459,affine@direct,0.91,23.106,17.726,0.000,0.042,0.042,0.167,34.872,29.788,ok,,0.5,0.5000,14
eval_MoTaTiZrHf-HEA-DDRX-1100C_TEM_DislocationCharacterization_0#18,DislocationCharacterization,MoTaTiZrHf-HEA-DDRX-1100C_TEM_DislocationCharacterization,ma_roma_ft,direct,0.5000,1.00000,24,10000,870,affine,0.89,200.559,191.084,0.000,0.000,0.000,0.000,237.770,222.190,ok,,0.25,0.2500,7
eval_MoTaTiZrHf-HEA-DDRX-1100C_TEM_DislocationCharacterization_0#18,DislocationCharacterization,MoTaTiZrHf-HEA-DDRX-1100C_TEM_DislocationCharacterization,ma_roma_ft,pyramid_v2,0.5000,1.00000,24,10000,974,affine@direct,1.79,193.604,180.084,0.000,0.000,0.000,0.000,227.092,218.493,ok,,0.25,0.2500,7
eval_MoTaTiZrHf-HEA-DDRX-1100C_TEM_DislocationCharacterization_0#18,DislocationCharacterization,MoTaTiZrHf-HEA-DDRX-1100C_TEM_DislocationCharacterization,ma_roma_ft,direct,0.3164,1.00000,24,10000,1333,affine,0.83,1113.912,1052.044,0.000,0.000,0.000,0.000,1118.742,1121.989,ok,,0.1,0.1000,0
eval_MoTaTiZrHf-HEA-DDRX-1100C_TEM_DislocationCharacterization_0#18,DislocationCharacterization,MoTaTiZrHf-HEA-DDRX-1100C_TEM_DislocationCharacterization,ma_roma_ft,pyramid_v2,0.3164,1.00000,24,10000,1203,homography@direct,0.87,2563.060,1277.739,0.000,0.000,0.000,0.000,2204.041,2215.805,ok,,0.1,0.1000,0
eval_MoTaTiZrHf-HEA-DDRX-1100C_TEM_DislocationCharacterization_0#18,DislocationCharacterization,MoTaTiZrHf-HEA-DDRX-1100C_TEM_DislocationCharacterization,ma_roma_ft,direct,0.2236,1.00000,24,10000,1258,affine,0.70,1995.704,2043.768,0.000,0.000,0.000,0.000,2019.548,2027.696,ok,,0.05,0.0500,0
eval_MoTaTiZrHf-HEA-DDRX-1100C_TEM_DislocationCharacterization_0#18,DislocationCharacterization,MoTaTiZrHf-HEA-DDRX-1100C_TEM_DislocationCharacterization,ma_roma_ft,pyramid_v2,0.2236,1.00000,24,10000,1080,homography@direct,0.75,4157.260,1227.993,0.000,0.000,0.000,0.000,2239.765,2279.145,ok,,0.05,0.0500,0
eval_MoTaTiZrHf-HEA-DDRX-1100C_TEM_DislocationCharacterization_0#18,DislocationCharacterization,MoTaTiZrHf-HEA-DDRX-1100C_TEM_DislocationCharacterization,ma_roma_ft,direct,0.1416,1.00000,24,10000,309,affine,0.64,2099.024,1995.650,0.000,0.000,0.000,0.000,2148.004,2071.728,ok,,0.02,0.0200,0
eval_MoTaTiZrHf-HEA-DDRX-1100C_TEM_DislocationCharacterization_0#18,DislocationCharacterization,MoTaTiZrHf-HEA-DDRX-1100C_TEM_DislocationCharacterization,ma_roma_ft,pyramid_v2,0.1416,1.00000,24,10000,260,homography@direct,1.27,1308.231,1269.545,0.000,0.000,0.000,0.000,1568.593,1628.818,ok,,0.02,0.0200,0
eval_MoTaTiZrHf-HEA-DDRX-1100C_TEM_DislocationCharacterization_0#21,DislocationCharacterization,MoTaTiZrHf-HEA-DDRX-1100C_TEM_DislocationCharacterization,ma_roma_ft,direct,0.7070,1.00000,17,10000,1257,affine,0.84,16.178,13.891,0.000,0.059,0.059,0.235,21.522,19.573,ok,,0.5,0.5000,8
eval_MoTaTiZrHf-HEA-DDRX-1100C_TEM_DislocationCharacterization_0#21,DislocationCharacterization,MoTaTiZrHf-HEA-DDRX-1100C_TEM_DislocationCharacterization,ma_roma_ft,pyramid_v2,0.7070,1.00000,17,10000,1009,affine@direct,0.90,28.377,23.192,0.000,0.000,0.059,0.176,18.091,14.434,ok,,0.5,0.5000,8
eval_MoTaTiZrHf-HEA-DDRX-1100C_TEM_DislocationCharacterization_0#21,DislocationCharacterization,MoTaTiZrHf-HEA-DDRX-1100C_TEM_DislocationCharacterization,ma_roma_ft,direct,0.5000,1.00000,17,10000,3211,affine,0.85,18.372,17.436,0.000,0.059,0.118,0.235,30.941,20.932,ok,,0.25,0.2500,5
eval_MoTaTiZrHf-HEA-DDRX-1100C_TEM_DislocationCharacterization_0#21,DislocationCharacterization,MoTaTiZrHf-HEA-DDRX-1100C_TEM_DislocationCharacterization,ma_roma_ft,pyramid_v2,0.5000,1.00000,17,10000,3236,affine@direct,1.74,17.694,16.616,0.000,0.059,0.176,0.235,27.295,23.272,ok,,0.25,0.2500,5
eval_MoTaTiZrHf-HEA-DDRX-1100C_TEM_DislocationCharacterization_0#21,DislocationCharacterization,MoTaTiZrHf-HEA-DDRX-1100C_TEM_DislocationCharacterization,ma_roma_ft,direct,0.3164,1.00000,17,10000,644,affine,0.83,1297.426,1411.226,0.000,0.000,0.000,0.000,1299.448,1451.259,ok,,0.1,0.1000,1
eval_MoTaTiZrHf-HEA-DDRX-1100C_TEM_DislocationCharacterization_0#21,DislocationCharacterization,MoTaTiZrHf-HEA-DDRX-1100C_TEM_DislocationCharacterization,ma_roma_ft,pyramid_v2,0.3164,1.00000,17,10000,609,affine@direct,0.85,1219.196,1223.396,0.000,0.000,0.000,0.000,1225.162,1175.356,ok,,0.1,0.1000,1
eval_MoTaTiZrHf-HEA-DDRX-1100C_TEM_DislocationCharacterization_0#21,DislocationCharacterization,MoTaTiZrHf-HEA-DDRX-1100C_TEM_DislocationCharacterization,ma_roma_ft,direct,0.2236,1.00000,17,10000,1083,affine,0.78,1827.341,1970.570,0.000,0.000,0.000,0.000,1832.225,1968.593,ok,,0.05,0.0500,1
eval_MoTaTiZrHf-HEA-DDRX-1100C_TEM_DislocationCharacterization_0#21,DislocationCharacterization,MoTaTiZrHf-HEA-DDRX-1100C_TEM_DislocationCharacterization,ma_roma_ft,pyramid_v2,0.2236,1.00000,17,10000,1265,affine@direct,1.45,1784.398,1948.355,0.000,0.000,0.000,0.000,1810.777,2034.667,ok,,0.05,0.0500,1
eval_MoTaTiZrHf-HEA-DDRX-1100C_TEM_DislocationCharacterization_0#21,DislocationCharacterization,MoTaTiZrHf-HEA-DDRX-1100C_TEM_DislocationCharacterization,ma_roma_ft,direct,0.1416,1.00000,17,10000,526,affine,0.67,1571.382,1256.688,0.000,0.000,0.000,0.000,1587.973,1286.055,ok,,0.02,0.0200,1
eval_MoTaTiZrHf-HEA-DDRX-1100C_TEM_DislocationCharacterization_0#21,DislocationCharacterization,MoTaTiZrHf-HEA-DDRX-1100C_TEM_DislocationCharacterization,ma_roma_ft,pyramid_v2,0.1416,1.00000,17,10000,517,homography@direct,0.66,7669.357,5094.311,0.000,0.000,0.000,0.000,4607.065,4655.442,ok,,0.02,0.0200,1
eval_MoTaTiZrHf-HEA-DDRX-1100C_TEM_DislocationCharacterization_0#22,DislocationCharacterization,MoTaTiZrHf-HEA-DDRX-1100C_TEM_DislocationCharacterization,ma_roma_ft,direct,0.7070,1.00000,17,10000,1313,affine,0.83,20.220,16.941,0.000,0.059,0.059,0.294,22.940,13.328,ok,,0.5,0.5000,8
eval_MoTaTiZrHf-HEA-DDRX-1100C_TEM_DislocationCharacterization_0#22,DislocationCharacterization,MoTaTiZrHf-HEA-DDRX-1100C_TEM_DislocationCharacterization,ma_roma_ft,pyramid_v2,0.7070,1.00000,17,10000,1169,homography@direct,0.91,20.153,19.046,0.000,0.000,0.000,0.235,23.063,16.617,ok,,0.5,0.5000,8
eval_MoTaTiZrHf-HEA-DDRX-1100C_TEM_DislocationCharacterization_0#22,DislocationCharacterization,MoTaTiZrHf-HEA-DDRX-1100C_TEM_DislocationCharacterization,ma_roma_ft,direct,0.5000,1.00000,17,10000,1494,affine,0.84,14.571,14.242,0.000,0.000,0.000,0.294,19.984,16.151,ok,,0.25,0.2500,5
eval_MoTaTiZrHf-HEA-DDRX-1100C_TEM_DislocationCharacterization_0#22,DislocationCharacterization,MoTaTiZrHf-HEA-DDRX-1100C_TEM_DislocationCharacterization,ma_roma_ft,pyramid_v2,0.5000,1.00000,17,10000,1893,affine@direct+zoom,3.48,22.050,20.546,0.000,0.000,0.059,0.059,20.993,19.500,ok,,0.25,0.2500,5
eval_MoTaTiZrHf-HEA-DDRX-1100C_TEM_DislocationCharacterization_0#22,DislocationCharacterization,MoTaTiZrHf-HEA-DDRX-1100C_TEM_DislocationCharacterization,ma_roma_ft,direct,0.3164,1.00000,17,10000,742,affine,0.83,1178.221,1206.141,0.000,0.000,0.000,0.000,1157.948,1162.322,ok,,0.1,0.1000,1
eval_MoTaTiZrHf-HEA-DDRX-1100C_TEM_DislocationCharacterization_0#22,DislocationCharacterization,MoTaTiZrHf-HEA-DDRX-1100C_TEM_DislocationCharacterization,ma_roma_ft,pyramid_v2,0.3164,1.00000,17,10000,3154,homography@direct+zoom,3.13,40.543,43.926,0.000,0.000,0.000,0.059,83.555,73.891,ok,,0.1,0.1000,1
eval_MoTaTiZrHf-HEA-DDRX-1100C_TEM_DislocationCharacterization_0#22,DislocationCharacterization,MoTaTiZrHf-HEA-DDRX-1100C_TEM_DislocationCharacterization,ma_roma_ft,direct,0.2236,1.00000,17,10000,1095,affine,0.75,1002.231,855.434,0.000,0.000,0.000,0.000,1016.328,897.042,ok,,0.05,0.0500,1
eval_MoTaTiZrHf-HEA-DDRX-1100C_TEM_DislocationCharacterization_0#22,DislocationCharacterization,MoTaTiZrHf-HEA-DDRX-1100C_TEM_DislocationCharacterization,ma_roma_ft,pyramid_v2,0.2236,1.00000,17,10000,1381,homography@direct+zoom,2.12,2592.114,1266.076,0.000,0.000,0.000,0.000,1504.702,1250.316,ok,,0.05,0.0500,1
eval_MoTaTiZrHf-HEA-DDRX-1100C_TEM_DislocationCharacterization_0#22,DislocationCharacterization,MoTaTiZrHf-HEA-DDRX-1100C_TEM_DislocationCharacterization,ma_roma_ft,direct,0.1416,1.00000,17,10000,499,affine,0.66,4822.090,4836.415,0.000,0.000,0.000,0.000,4560.950,4707.000,ok,,0.02,0.0200,1
eval_MoTaTiZrHf-HEA-DDRX-1100C_TEM_DislocationCharacterization_0#22,DislocationCharacterization,MoTaTiZrHf-HEA-DDRX-1100C_TEM_DislocationCharacterization,ma_roma_ft,pyramid_v2,0.1416,1.00000,17,10000,1346,homography@direct+zoom,1.96,1446.758,842.994,0.000,0.000,0.000,0.000,1244.245,1380.125,ok,,0.02,0.0200,1
eval_MoTaTiZrHf-HEA-DDRX-1100C_TEM_DislocationCharacterization_0#25,DislocationCharacterization,MoTaTiZrHf-HEA-DDRX-1100C_TEM_DislocationCharacterization,ma_roma_ft,direct,0.7070,1.00000,24,10000,2647,affine,0.85,22.336,22.971,0.000,0.083,0.083,0.208,30.562,30.687,ok,,0.5,0.5000,14
eval_MoTaTiZrHf-HEA-DDRX-1100C_TEM_DislocationCharacterization_0#25,DislocationCharacterization,MoTaTiZrHf-HEA-DDRX-1100C_TEM_DislocationCharacterization,ma_roma_ft,pyramid_v2,0.7070,1.00000,24,10000,2902,affine@direct,0.93,21.362,22.776,0.000,0.000,0.042,0.292,21.922,22.836,ok,,0.5,0.5000,14
eval_MoTaTiZrHf-HEA-DDRX-1100C_TEM_DislocationCharacterization_0#25,DislocationCharacterization,MoTaTiZrHf-HEA-DDRX-1100C_TEM_DislocationCharacterization,ma_roma_ft,direct,0.5000,1.00000,24,10000,616,affine,0.87,2349.095,1898.263,0.000,0.000,0.000,0.000,2324.919,1918.465,ok,,0.25,0.2500,7
eval_MoTaTiZrHf-HEA-DDRX-1100C_TEM_DislocationCharacterization_0#25,DislocationCharacterization,MoTaTiZrHf-HEA-DDRX-1100C_TEM_DislocationCharacterization,ma_roma_ft,pyramid_v2,0.5000,1.00000,24,10000,3273,affine@direct+zoom,2.60,23.161,22.063,0.000,0.000,0.042,0.083,63.197,53.658,ok,,0.25,0.2500,7
eval_MoTaTiZrHf-HEA-DDRX-1100C_TEM_DislocationCharacterization_0#25,DislocationCharacterization,MoTaTiZrHf-HEA-DDRX-1100C_TEM_DislocationCharacterization,ma_roma_ft,direct,0.3164,1.00000,24,10000,1135,homography,0.80,1629.428,1067.424,0.000,0.000,0.000,0.000,1534.359,1548.304,ok,,0.1,0.1000,0
eval_MoTaTiZrHf-HEA-DDRX-1100C_TEM_DislocationCharacterization_0#25,DislocationCharacterization,MoTaTiZrHf-HEA-DDRX-1100C_TEM_DislocationCharacterization,ma_roma_ft,pyramid_v2,0.3164,1.00000,24,10000,993,affine@direct,0.81,1528.184,1519.821,0.000,0.000,0.000,0.000,1514.784,1530.522,ok,,0.1,0.1000,0
eval_MoTaTiZrHf-HEA-DDRX-1100C_TEM_DislocationCharacterization_0#25,DislocationCharacterization,MoTaTiZrHf-HEA-DDRX-1100C_TEM_DislocationCharacterization,ma_roma_ft,direct,0.2236,1.00000,24,10000,979,affine,0.74,1362.396,1444.798,0.000,0.000,0.000,0.000,1377.925,1485.284,ok,,0.05,0.0500,0
eval_MoTaTiZrHf-HEA-DDRX-1100C_TEM_DislocationCharacterization_0#25,DislocationCharacterization,MoTaTiZrHf-HEA-DDRX-1100C_TEM_DislocationCharacterization,ma_roma_ft,pyramid_v2,0.2236,1.00000,24,10000,910,homography@direct+zoom,1.45,4839.542,935.326,0.000,0.000,0.000,0.000,1737.829,1690.627,ok,,0.05,0.0500,0
eval_MoTaTiZrHf-HEA-DDRX-1100C_TEM_DislocationCharacterization_0#25,DislocationCharacterization,MoTaTiZrHf-HEA-DDRX-1100C_TEM_DislocationCharacterization,ma_roma_ft,direct,0.1416,1.00000,24,10000,984,homography,0.65,7028.627,2129.134,0.000,0.000,0.000,0.000,3088.616,3287.648,ok,,0.02,0.0200,0
eval_MoTaTiZrHf-HEA-DDRX-1100C_TEM_DislocationCharacterization_0#25,DislocationCharacterization,MoTaTiZrHf-HEA-DDRX-1100C_TEM_DislocationCharacterization,ma_roma_ft,pyramid_v2,0.1416,1.00000,24,10000,1207,affine@direct,0.66,4008.914,3870.817,0.000,0.000,0.000,0.000,3616.685,3635.896,ok,,0.02,0.0200,0
eval_MoTaTiZrHf-HEA-DDRX-1100C_TEM_DislocationCharacterization_0#31,DislocationCharacterization,MoTaTiZrHf-HEA-DDRX-1100C_TEM_DislocationCharacterization,ma_roma_ft,direct,0.7070,1.00000,17,10000,1031,affine,0.84,17.935,19.431,0.000,0.059,0.059,0.118,20.216,16.129,ok,,0.5,0.5000,8
eval_MoTaTiZrHf-HEA-DDRX-1100C_TEM_DislocationCharacterization_0#31,DislocationCharacterization,MoTaTiZrHf-HEA-DDRX-1100C_TEM_DislocationCharacterization,ma_roma_ft,pyramid_v2,0.7070,1.00000,17,10000,1167,affine@direct,0.88,30.025,23.099,0.000,0.000,0.000,0.000,24.476,21.745,ok,,0.5,0.5000,8
eval_MoTaTiZrHf-HEA-DDRX-1100C_TEM_DislocationCharacterization_0#31,DislocationCharacterization,MoTaTiZrHf-HEA-DDRX-1100C_TEM_DislocationCharacterization,ma_roma_ft,direct,0.5000,1.00000,17,10000,1853,affine,0.83,26.847,24.394,0.000,0.000,0.059,0.118,28.025,21.693,ok,,0.25,0.2500,5
eval_MoTaTiZrHf-HEA-DDRX-1100C_TEM_DislocationCharacterization_0#31,DislocationCharacterization,MoTaTiZrHf-HEA-DDRX-1100C_TEM_DislocationCharacterization,ma_roma_ft,pyramid_v2,0.5000,1.00000,17,10000,2244,affine@direct+zoom,2.61,19.768,19.893,0.000,0.059,0.059,0.118,21.389,19.433,ok,,0.25,0.2500,5
eval_MoTaTiZrHf-HEA-DDRX-1100C_TEM_DislocationCharacterization_0#31,DislocationCharacterization,MoTaTiZrHf-HEA-DDRX-1100C_TEM_DislocationCharacterization,ma_roma_ft,direct,0.3164,1.00000,17,10000,1788,homography,0.80,220.799,162.905,0.000,0.000,0.000,0.059,382.146,331.437,ok,,0.1,0.1000,1
eval_MoTaTiZrHf-HEA-DDRX-1100C_TEM_DislocationCharacterization_0#31,DislocationCharacterization,MoTaTiZrHf-HEA-DDRX-1100C_TEM_DislocationCharacterization,ma_roma_ft,pyramid_v2,0.3164,1.00000,17,10000,1787,homography@direct,1.59,218.488,165.087,0.000,0.000,0.000,0.059,273.593,266.060,ok,,0.1,0.1000,1
eval_MoTaTiZrHf-HEA-DDRX-1100C_TEM_DislocationCharacterization_0#31,DislocationCharacterization,MoTaTiZrHf-HEA-DDRX-1100C_TEM_DislocationCharacterization,ma_roma_ft,direct,0.2236,1.00000,17,10000,1027,homography,0.74,83428.646,1201.159,0.000,0.000,0.000,0.000,1925.489,2153.694,ok,,0.05,0.0500,1
eval_MoTaTiZrHf-HEA-DDRX-1100C_TEM_DislocationCharacterization_0#31,DislocationCharacterization,MoTaTiZrHf-HEA-DDRX-1100C_TEM_DislocationCharacterization,ma_roma_ft,pyramid_v2,0.2236,1.00000,17,10000,1184,homography@direct+zoom,2.04,638.034,387.441,0.000,0.000,0.000,0.000,286.573,222.192,ok,,0.05,0.0500,1
eval_MoTaTiZrHf-HEA-DDRX-1100C_TEM_DislocationCharacterization_0#31,DislocationCharacterization,MoTaTiZrHf-HEA-DDRX-1100C_TEM_DislocationCharacterization,ma_roma_ft,direct,0.1416,1.00000,17,10000,1578,affine,0.65,2870.945,3066.318,0.000,0.000,0.000,0.000,2943.016,3083.424,ok,,0.02,0.0200,1
eval_MoTaTiZrHf-HEA-DDRX-1100C_TEM_DislocationCharacterization_0#31,DislocationCharacterization,MoTaTiZrHf-HEA-DDRX-1100C_TEM_DislocationCharacterization,ma_roma_ft,pyramid_v2,0.1416,1.00000,17,10000,1515,affine@direct,1.34,2811.425,2987.929,0.000,0.000,0.000,0.000,2765.564,2938.109,ok,,0.02,0.0200,1
eval_MoTaTiZrHf-HEA-DDRX-900C_TEM_largeFOV-DislocationCharacterization_0#0,DislocationCharacterization,MoTaTiZrHf-HEA-DDRX-900C_TEM_largeFOV-DislocationCharacterization,ma_roma_ft,direct,0.7070,1.00000,18,10000,2884,homography,1.09,21.052,16.882,0.000,0.000,0.000,0.222,20.187,19.599,ok,,0.5,0.5000,15
eval_MoTaTiZrHf-HEA-DDRX-900C_TEM_largeFOV-DislocationCharacterization_0#0,DislocationCharacterization,MoTaTiZrHf-HEA-DDRX-900C_TEM_largeFOV-DislocationCharacterization,ma_roma_ft,pyramid_v2,0.7070,1.00000,18,10000,2784,affine@direct,1.21,22.998,19.917,0.056,0.056,0.111,0.222,23.068,20.706,ok,,0.5,0.5000,15
eval_MoTaTiZrHf-HEA-DDRX-900C_TEM_largeFOV-DislocationCharacterization_0#0,DislocationCharacterization,MoTaTiZrHf-HEA-DDRX-900C_TEM_largeFOV-DislocationCharacterization,ma_roma_ft,direct,0.5000,1.00000,18,10000,983,affine,1.10,21.108,19.225,0.000,0.000,0.000,0.056,32.237,29.165,ok,,0.25,0.2500,10
eval_MoTaTiZrHf-HEA-DDRX-900C_TEM_largeFOV-DislocationCharacterization_0#0,DislocationCharacterization,MoTaTiZrHf-HEA-DDRX-900C_TEM_largeFOV-DislocationCharacterization,ma_roma_ft,pyramid_v2,0.5000,1.00000,18,10000,2568,homography@direct+zoom,3.36,21.526,16.836,0.000,0.000,0.056,0.222,19.705,19.825,ok,,0.25,0.2500,10
eval_MoTaTiZrHf-HEA-DDRX-900C_TEM_largeFOV-DislocationCharacterization_0#0,DislocationCharacterization,MoTaTiZrHf-HEA-DDRX-900C_TEM_largeFOV-DislocationCharacterization,ma_roma_ft,direct,0.3162,1.00000,18,10000,547,homography,1.06,16417.108,1639.792,0.000,0.000,0.000,0.000,2450.350,2707.333,ok,,0.1,0.1000,5
eval_MoTaTiZrHf-HEA-DDRX-900C_TEM_largeFOV-DislocationCharacterization_0#0,DislocationCharacterization,MoTaTiZrHf-HEA-DDRX-900C_TEM_largeFOV-DislocationCharacterization,ma_roma_ft,pyramid_v2,0.3162,1.00000,18,10000,409,affine@direct,1.09,2720.668,3011.783,0.000,0.000,0.000,0.000,2660.980,2953.888,ok,,0.1,0.1000,5
eval_MoTaTiZrHf-HEA-DDRX-900C_TEM_largeFOV-DislocationCharacterization_0#0,DislocationCharacterization,MoTaTiZrHf-HEA-DDRX-900C_TEM_largeFOV-DislocationCharacterization,ma_roma_ft,direct,0.2236,1.00000,18,10000,353,affine,1.03,2099.891,2086.655,0.000,0.000,0.000,0.000,2180.887,2152.916,ok,,0.05,0.0500,4
eval_MoTaTiZrHf-HEA-DDRX-900C_TEM_largeFOV-DislocationCharacterization_0#0,DislocationCharacterization,MoTaTiZrHf-HEA-DDRX-900C_TEM_largeFOV-DislocationCharacterization,ma_roma_ft,pyramid_v2,0.2236,1.00000,18,10000,402,homography@direct+zoom,3.16,2177.583,2308.265,0.000,0.000,0.000,0.000,2166.359,2370.900,ok,,0.05,0.0500,4
eval_MoTaTiZrHf-HEA-DDRX-900C_TEM_largeFOV-DislocationCharacterization_0#0,DislocationCharacterization,MoTaTiZrHf-HEA-DDRX-900C_TEM_largeFOV-DislocationCharacterization,ma_roma_ft,direct,0.1414,1.00000,18,10000,432,affine,0.90,6856.003,7209.229,0.000,0.000,0.000,0.000,6872.099,7265.917,ok,,0.02,0.0200,2
eval_MoTaTiZrHf-HEA-DDRX-900C_TEM_largeFOV-DislocationCharacterization_0#0,DislocationCharacterization,MoTaTiZrHf-HEA-DDRX-900C_TEM_largeFOV-DislocationCharacterization,ma_roma_ft,pyramid_v2,0.1414,1.00000,18,10000,426,homography@direct,0.96,6058.923,5133.181,0.000,0.000,0.000,0.000,6276.441,6302.747,ok,,0.02,0.0200,2
eval_TRIP1-Bainitic_LOM_SEM_EBSD_Multiscale_0#0,Multiscale,TRIP1-Bainitic_LOM_SEM_EBSD_Multiscale,ma_roma_ft,direct,0.6837,0.42058,51,10000,9747,homography,0.84,1.794,1.724,0.157,0.882,1.000,1.000,4.386,2.350,ok,,0.5,0.4999,32
eval_TRIP1-Bainitic_LOM_SEM_EBSD_Multiscale_0#0,Multiscale,TRIP1-Bainitic_LOM_SEM_EBSD_Multiscale,ma_roma_ft,pyramid_v2,0.6837,0.42058,51,10000,9731,homography@direct,0.94,1.756,1.596,0.176,0.882,1.000,1.000,4.301,2.645,ok,,0.5,0.4999,32
eval_TRIP1-Bainitic_LOM_SEM_EBSD_Multiscale_0#0,Multiscale,TRIP1-Bainitic_LOM_SEM_EBSD_Multiscale,ma_roma_ft,direct,0.4836,0.42058,51,10000,9636,homography,0.89,2.428,2.476,0.098,0.706,1.000,1.000,8.393,6.377,ok,,0.25,0.2501,14
eval_TRIP1-Bainitic_LOM_SEM_EBSD_Multiscale_0#0,Multiscale,TRIP1-Bainitic_LOM_SEM_EBSD_Multiscale,ma_roma_ft,pyramid_v2,0.4836,0.42058,51,10000,9992,homography@direct+zoom,2.66,1.967,1.866,0.137,0.882,1.000,1.000,8.462,4.605,ok,,0.25,0.2501,14
eval_TRIP1-Bainitic_LOM_SEM_EBSD_Multiscale_0#0,Multiscale,TRIP1-Bainitic_LOM_SEM_EBSD_Multiscale,ma_roma_ft,direct,0.3058,0.42058,51,10000,3113,homography,0.98,2.099,1.962,0.176,0.765,0.980,1.000,15.594,15.227,ok,,0.1,0.1000,7
eval_TRIP1-Bainitic_LOM_SEM_EBSD_Multiscale_0#0,Multiscale,TRIP1-Bainitic_LOM_SEM_EBSD_Multiscale,ma_roma_ft,pyramid_v2,0.3058,0.42058,51,10000,9983,homography@direct+zoom,2.85,2.419,2.197,0.078,0.745,0.980,1.000,14.007,10.014,ok,,0.1,0.1000,7
eval_TRIP1-Bainitic_LOM_SEM_EBSD_Multiscale_0#0,Multiscale,TRIP1-Bainitic_LOM_SEM_EBSD_Multiscale,ma_roma_ft,direct,0.2162,0.42058,51,10000,794,affine,1.02,48.828,48.592,0.000,0.000,0.000,0.020,150.566,155.544,ok,,0.05,0.0500,4
eval_TRIP1-Bainitic_LOM_SEM_EBSD_Multiscale_0#0,Multiscale,TRIP1-Bainitic_LOM_SEM_EBSD_Multiscale,ma_roma_ft,pyramid_v2,0.2162,0.42058,51,10000,9945,homography@direct+zoom,3.59,3.158,2.343,0.118,0.608,0.824,1.000,12.181,12.547,ok,,0.05,0.0500,4
eval_TRIP1-Bainitic_LOM_SEM_EBSD_Multiscale_0#0,Multiscale,TRIP1-Bainitic_LOM_SEM_EBSD_Multiscale,ma_roma_ft,direct,0.1369,0.42058,51,10000,1258,homography,0.82,4876.985,1655.108,0.000,0.000,0.000,0.000,2092.116,2076.430,ok,,0.02,0.0200,2
eval_TRIP1-Bainitic_LOM_SEM_EBSD_Multiscale_0#0,Multiscale,TRIP1-Bainitic_LOM_SEM_EBSD_Multiscale,ma_roma_ft,pyramid_v2,0.1369,0.42058,51,10000,1213,affine@direct,0.84,2784.216,2790.030,0.000,0.000,0.000,0.000,2816.443,2819.762,ok,,0.02,0.0200,2
eval_TRIP1-Bainitic_LOM_SEM_EBSD_Multiscale_0#1,Multiscale,TRIP1-Bainitic_LOM_SEM_EBSD_Multiscale,ma_roma_ft,direct,0.7122,0.95459,46,10000,9916,homography,0.83,1.961,1.490,0.261,0.783,0.957,1.000,2.502,1.537,ok,,0.5,0.4997,33
eval_TRIP1-Bainitic_LOM_SEM_EBSD_Multiscale_0#1,Multiscale,TRIP1-Bainitic_LOM_SEM_EBSD_Multiscale,ma_roma_ft,pyramid_v2,0.7122,0.95459,46,10000,9897,homography@direct,0.93,1.966,1.408,0.261,0.804,0.957,1.000,3.314,1.521,ok,,0.5,0.4997,33
eval_TRIP1-Bainitic_LOM_SEM_EBSD_Multiscale_0#1,Multiscale,TRIP1-Bainitic_LOM_SEM_EBSD_Multiscale,ma_roma_ft,direct,0.5036,0.95459,46,10000,9946,homography,0.85,3.505,2.291,0.174,0.565,0.761,0.957,9.336,4.798,ok,,0.25,0.2499,17
eval_TRIP1-Bainitic_LOM_SEM_EBSD_Multiscale_0#1,Multiscale,TRIP1-Bainitic_LOM_SEM_EBSD_Multiscale,ma_roma_ft,pyramid_v2,0.5036,0.95459,46,10000,9972,homography@direct+zoom,3.38,2.920,2.042,0.196,0.674,0.804,1.000,4.453,2.600,ok,,0.25,0.2499,17
eval_TRIP1-Bainitic_LOM_SEM_EBSD_Multiscale_0#1,Multiscale,TRIP1-Bainitic_LOM_SEM_EBSD_Multiscale,ma_roma_ft,direct,0.3184,0.95459,46,10000,6339,homography,0.70,6.942,5.093,0.065,0.326,0.500,0.739,9.935,7.109,ok,,0.1,0.1000,7
eval_TRIP1-Bainitic_LOM_SEM_EBSD_Multiscale_0#1,Multiscale,TRIP1-Bainitic_LOM_SEM_EBSD_Multiscale,ma_roma_ft,pyramid_v2,0.3184,0.95459,46,10000,9999,homography@direct+zoom,2.70,6.492,4.091,0.152,0.435,0.543,0.783,8.640,6.720,ok,,0.1,0.1000,7
eval_TRIP1-Bainitic_LOM_SEM_EBSD_Multiscale_0#1,Multiscale,TRIP1-Bainitic_LOM_SEM_EBSD_Multiscale,ma_roma_ft,direct,0.2255,0.95459,46,10000,4244,homography,0.68,18.453,13.223,0.065,0.152,0.283,0.413,45.952,43.374,ok,,0.05,0.0500,3
eval_TRIP1-Bainitic_LOM_SEM_EBSD_Multiscale_0#1,Multiscale,TRIP1-Bainitic_LOM_SEM_EBSD_Multiscale,ma_roma_ft,pyramid_v2,0.2255,0.95459,46,10000,10000,homography@direct+zoom,2.18,13.220,7.392,0.109,0.239,0.391,0.565,9.220,7.816,ok,,0.05,0.0500,3
eval_TRIP1-Bainitic_LOM_SEM_EBSD_Multiscale_0#1,Multiscale,TRIP1-Bainitic_LOM_SEM_EBSD_Multiscale,ma_roma_ft,direct,0.1423,0.95459,46,10000,920,homography,0.67,9055.060,2442.288,0.000,0.000,0.000,0.000,3150.707,3157.874,ok,,0.02,0.0200,2
eval_TRIP1-Bainitic_LOM_SEM_EBSD_Multiscale_0#1,Multiscale,TRIP1-Bainitic_LOM_SEM_EBSD_Multiscale,ma_roma_ft,pyramid_v2,0.1423,0.95459,46,10000,768,homography@direct,0.65,11182.991,2900.344,0.000,0.000,0.000,0.000,4082.146,4079.945,ok,,0.02,0.0200,2
eval_TRIP1-Bainitic_LOM_SEM_EBSD_Multiscale_0#2,Multiscale,TRIP1-Bainitic_LOM_SEM_EBSD_Multiscale,ma_roma_ft,direct,0.7135,0.96694,53,10000,5301,affine,0.86,10.539,1.930,0.113,0.566,0.566,0.585,7.026,3.192,ok,,0.5,0.5001,35
eval_TRIP1-Bainitic_LOM_SEM_EBSD_Multiscale_0#2,Multiscale,TRIP1-Bainitic_LOM_SEM_EBSD_Multiscale,ma_roma_ft,pyramid_v2,0.7135,0.96694,53,10000,5525,affine@direct,0.94,9.543,2.693,0.151,0.509,0.566,0.623,5.180,2.853,ok,,0.5,0.5001,35
eval_TRIP1-Bainitic_LOM_SEM_EBSD_Multiscale_0#2,Multiscale,TRIP1-Bainitic_LOM_SEM_EBSD_Multiscale,ma_roma_ft,direct,0.5042,0.96694,53,10000,5672,affine,0.84,10.665,5.792,0.057,0.358,0.491,0.642,13.021,6.012,ok,,0.25,0.2501,20
eval_TRIP1-Bainitic_LOM_SEM_EBSD_Multiscale_0#2,Multiscale,TRIP1-Bainitic_LOM_SEM_EBSD_Multiscale,ma_roma_ft,pyramid_v2,0.5042,0.96694,53,10000,5603,affine@direct+zoom,3.42,10.195,2.244,0.094,0.566,0.566,0.585,11.124,5.942,ok,,0.25,0.2501,20
eval_TRIP1-Bainitic_LOM_SEM_EBSD_Multiscale_0#2,Multiscale,TRIP1-Bainitic_LOM_SEM_EBSD_Multiscale,ma_roma_ft,direct,0.3192,0.96694,53,10000,4292,affine,0.72,11.349,3.976,0.075,0.415,0.547,0.585,10.368,8.055,ok,,0.1,0.1001,6
eval_TRIP1-Bainitic_LOM_SEM_EBSD_Multiscale_0#2,Multiscale,TRIP1-Bainitic_LOM_SEM_EBSD_Multiscale,ma_roma_ft,pyramid_v2,0.3192,0.96694,53,10000,6939,affine@direct+zoom,2.07,9.948,4.161,0.075,0.434,0.566,0.604,9.594,7.491,ok,,0.1,0.1001,6
eval_TRIP1-Bainitic_LOM_SEM_EBSD_Multiscale_0#2,Multiscale,TRIP1-Bainitic_LOM_SEM_EBSD_Multiscale,ma_roma_ft,direct,0.2258,0.96694,53,10000,5080,homography,0.69,26.147,18.378,0.000,0.094,0.189,0.302,47.085,44.555,ok,,0.05,0.0501,4
eval_TRIP1-Bainitic_LOM_SEM_EBSD_Multiscale_0#2,Multiscale,TRIP1-Bainitic_LOM_SEM_EBSD_Multiscale,ma_roma_ft,pyramid_v2,0.2258,0.96694,53,10000,5151,homography@direct,1.21,28.203,18.660,0.000,0.132,0.151,0.340,43.956,44.701,ok,,0.05,0.0501,4
eval_TRIP1-Bainitic_LOM_SEM_EBSD_Multiscale_0#2,Multiscale,TRIP1-Bainitic_LOM_SEM_EBSD_Multiscale,ma_roma_ft,direct,0.1428,0.96694,53,10000,1056,affine,0.72,3534.966,3495.656,0.000,0.000,0.000,0.000,3260.632,3289.176,ok,,0.02,0.0200,2
eval_TRIP1-Bainitic_LOM_SEM_EBSD_Multiscale_0#2,Multiscale,TRIP1-Bainitic_LOM_SEM_EBSD_Multiscale,ma_roma_ft,pyramid_v2,0.1428,0.96694,53,10000,1058,affine@direct,0.67,3534.740,3488.902,0.000,0.000,0.000,0.000,3234.293,3243.734,ok,,0.02,0.0200,2
eval_Ti3AlC2-MAX-Phase_TEM_DislocationCharacterization_0#0,DislocationCharacterization,Ti3AlC2-MAX-Phase_TEM_DislocationCharacterization,ma_roma_ft,direct,0.7065,1.00000,46,10000,9292,affine,0.42,2.480,1.870,0.196,0.717,0.891,1.000,2.719,2.127,ok,,0.5,0.4998,36
eval_Ti3AlC2-MAX-Phase_TEM_DislocationCharacterization_0#0,DislocationCharacterization,Ti3AlC2-MAX-Phase_TEM_DislocationCharacterization,ma_roma_ft,pyramid_v2,0.7065,1.00000,46,10000,9362,homography@direct,0.46,2.480,1.916,0.130,0.696,0.891,1.000,2.825,2.148,ok,,0.5,0.4998,36
eval_Ti3AlC2-MAX-Phase_TEM_DislocationCharacterization_0#0,DislocationCharacterization,Ti3AlC2-MAX-Phase_TEM_DislocationCharacterization,ma_roma_ft,direct,0.4983,1.00000,46,10000,5228,homography,0.43,2.296,1.713,0.217,0.783,0.891,1.000,8.385,5.316,ok,,0.25,0.2491,17
eval_Ti3AlC2-MAX-Phase_TEM_DislocationCharacterization_0#0,DislocationCharacterization,Ti3AlC2-MAX-Phase_TEM_DislocationCharacterization,ma_roma_ft,pyramid_v2,0.4983,1.00000,46,10000,5179,affine@direct,0.81,2.258,1.721,0.174,0.717,0.935,1.000,8.281,4.527,ok,,0.25,0.2491,17
eval_Ti3AlC2-MAX-Phase_TEM_DislocationCharacterization_0#0,DislocationCharacterization,Ti3AlC2-MAX-Phase_TEM_DislocationCharacterization,ma_roma_ft,direct,0.3140,1.00000,46,10000,1163,affine,0.44,98.224,93.032,0.000,0.000,0.000,0.000,99.080,100.022,ok,,0.1,0.0993,4
eval_Ti3AlC2-MAX-Phase_TEM_DislocationCharacterization_0#0,DislocationCharacterization,Ti3AlC2-MAX-Phase_TEM_DislocationCharacterization,ma_roma_ft,pyramid_v2,0.3140,1.00000,46,10000,1151,affine@direct,0.44,93.987,90.252,0.000,0.000,0.000,0.000,101.112,104.657,ok,,0.1,0.0993,4
eval_Ti3AlC2-MAX-Phase_TEM_DislocationCharacterization_0#0,DislocationCharacterization,Ti3AlC2-MAX-Phase_TEM_DislocationCharacterization,ma_roma_ft,direct,0.2218,1.00000,46,10000,2428,homography,0.44,234.781,187.654,0.000,0.000,0.000,0.000,219.983,220.749,ok,,0.05,0.0498,3
eval_Ti3AlC2-MAX-Phase_TEM_DislocationCharacterization_0#0,DislocationCharacterization,Ti3AlC2-MAX-Phase_TEM_DislocationCharacterization,ma_roma_ft,pyramid_v2,0.2218,1.00000,46,10000,1987,affine@direct,0.43,182.732,188.827,0.000,0.000,0.000,0.000,236.935,241.274,ok,,0.05,0.0498,3
eval_Ti3AlC2-MAX-Phase_TEM_DislocationCharacterization_0#0,DislocationCharacterization,Ti3AlC2-MAX-Phase_TEM_DislocationCharacterization,ma_roma_ft,direct,0.1399,1.00000,46,10000,3523,affine,0.43,262.424,250.564,0.000,0.000,0.000,0.000,328.631,336.557,ok,,0.02,0.0200,1
eval_Ti3AlC2-MAX-Phase_TEM_DislocationCharacterization_0#0,DislocationCharacterization,Ti3AlC2-MAX-Phase_TEM_DislocationCharacterization,ma_roma_ft,pyramid_v2,0.1399,1.00000,46,10000,3455,homography@direct,0.81,272.284,274.660,0.000,0.000,0.000,0.000,336.667,352.299,ok,,0.02,0.0200,1
eval_Ti3AlC2-MAX-Phase_TEM_DislocationCharacterization_0#1,DislocationCharacterization,Ti3AlC2-MAX-Phase_TEM_DislocationCharacterization,ma_roma_ft,direct,0.7075,1.00000,47,10000,9902,homography,0.40,1.923,1.545,0.213,0.830,0.957,1.000,4.252,2.081,ok,,0.5,0.5005,26
eval_Ti3AlC2-MAX-Phase_TEM_DislocationCharacterization_0#1,DislocationCharacterization,Ti3AlC2-MAX-Phase_TEM_DislocationCharacterization,ma_roma_ft,pyramid_v2,0.7075,1.00000,47,10000,9900,homography@direct,0.41,1.918,1.539,0.234,0.830,0.957,1.000,3.495,1.944,ok,,0.5,0.5005,26
eval_Ti3AlC2-MAX-Phase_TEM_DislocationCharacterization_0#1,DislocationCharacterization,Ti3AlC2-MAX-Phase_TEM_DislocationCharacterization,ma_roma_ft,direct,0.5000,1.00000,47,10000,3777,homography,0.43,2.220,1.725,0.255,0.702,0.936,1.000,18.465,8.659,ok,,0.25,0.2500,13
eval_Ti3AlC2-MAX-Phase_TEM_DislocationCharacterization_0#1,DislocationCharacterization,Ti3AlC2-MAX-Phase_TEM_DislocationCharacterization,ma_roma_ft,pyramid_v2,0.5000,1.00000,47,10000,8209,affine@direct+zoom,1.19,2.565,2.098,0.213,0.660,0.915,1.000,9.146,6.837,ok,,0.25,0.2500,13
eval_Ti3AlC2-MAX-Phase_TEM_DislocationCharacterization_0#1,DislocationCharacterization,Ti3AlC2-MAX-Phase_TEM_DislocationCharacterization,ma_roma_ft,direct,0.3163,1.00000,47,10000,1450,homography,0.42,16.258,15.942,0.021,0.085,0.128,0.255,56.304,59.065,ok,,0.1,0.1001,3
eval_Ti3AlC2-MAX-Phase_TEM_DislocationCharacterization_0#1,DislocationCharacterization,Ti3AlC2-MAX-Phase_TEM_DislocationCharacterization,ma_roma_ft,pyramid_v2,0.3163,1.00000,47,10000,1416,homography@direct,0.85,15.355,15.045,0.021,0.085,0.128,0.298,51.174,53.129,ok,,0.1,0.1001,3
eval_Ti3AlC2-MAX-Phase_TEM_DislocationCharacterization_0#1,DislocationCharacterization,Ti3AlC2-MAX-Phase_TEM_DislocationCharacterization,ma_roma_ft,direct,0.2245,1.00000,47,10000,1612,affine,0.45,332.758,331.307,0.000,0.000,0.000,0.000,298.161,309.335,ok,,0.05,0.0504,3
eval_Ti3AlC2-MAX-Phase_TEM_DislocationCharacterization_0#1,DislocationCharacterization,Ti3AlC2-MAX-Phase_TEM_DislocationCharacterization,ma_roma_ft,pyramid_v2,0.2245,1.00000,47,10000,1970,homography@direct,0.44,456.092,263.796,0.000,0.000,0.000,0.000,252.301,266.100,ok,,0.05,0.0504,3
eval_Ti3AlC2-MAX-Phase_TEM_DislocationCharacterization_0#1,DislocationCharacterization,Ti3AlC2-MAX-Phase_TEM_DislocationCharacterization,ma_roma_ft,direct,0.1429,1.00000,47,10000,2106,affine,0.44,506.790,489.882,0.000,0.000,0.000,0.000,457.049,426.705,ok,,0.02,0.0204,2
eval_Ti3AlC2-MAX-Phase_TEM_DislocationCharacterization_0#1,DislocationCharacterization,Ti3AlC2-MAX-Phase_TEM_DislocationCharacterization,ma_roma_ft,pyramid_v2,0.1429,1.00000,47,10000,1993,affine@direct,0.42,479.878,461.289,0.000,0.000,0.000,0.000,434.157,409.629,ok,,0.02,0.0204,2
eval_Ti3AlC2-MAX-Phase_TEM_DislocationCharacterization_0#2,DislocationCharacterization,Ti3AlC2-MAX-Phase_TEM_DislocationCharacterization,ma_roma_ft,direct,,,,,,,,,,,,,,,,skipped,rung_not_below_base,0.5,,
eval_Ti3AlC2-MAX-Phase_TEM_DislocationCharacterization_0#2,DislocationCharacterization,Ti3AlC2-MAX-Phase_TEM_DislocationCharacterization,ma_roma_ft,pyramid_v2,,,,,,,,,,,,,,,,skipped,rung_not_below_base,0.5,,
eval_Ti3AlC2-MAX-Phase_TEM_DislocationCharacterization_0#2,DislocationCharacterization,Ti3AlC2-MAX-Phase_TEM_DislocationCharacterization,ma_roma_ft,direct,0.4977,0.60715,38,10000,6869,affine,0.43,1.303,1.223,0.368,0.974,0.974,1.000,2.667,1.391,ok,,0.25,0.2496,28
eval_Ti3AlC2-MAX-Phase_TEM_DislocationCharacterization_0#2,DislocationCharacterization,Ti3AlC2-MAX-Phase_TEM_DislocationCharacterization,ma_roma_ft,pyramid_v2,0.4977,0.60715,38,10000,6861,homography@direct,0.83,1.466,1.194,0.368,0.895,0.974,1.000,2.487,1.299,ok,,0.25,0.2496,28
eval_Ti3AlC2-MAX-Phase_TEM_DislocationCharacterization_0#2,DislocationCharacterization,Ti3AlC2-MAX-Phase_TEM_DislocationCharacterization,ma_roma_ft,direct,0.3160,0.60715,38,10000,1492,affine,0.45,52.720,52.964,0.026,0.026,0.026,0.053,67.094,67.190,ok,,0.1,0.1002,10
eval_Ti3AlC2-MAX-Phase_TEM_DislocationCharacterization_0#2,DislocationCharacterization,Ti3AlC2-MAX-Phase_TEM_DislocationCharacterization,ma_roma_ft,pyramid_v2,0.3160,0.60715,38,10000,1425,affine@direct,0.89,52.367,51.831,0.000,0.000,0.000,0.026,63.624,57.489,ok,,0.1,0.1002,10
eval_Ti3AlC2-MAX-Phase_TEM_DislocationCharacterization_0#2,DislocationCharacterization,Ti3AlC2-MAX-Phase_TEM_DislocationCharacterization,ma_roma_ft,direct,0.2230,0.60715,38,10000,1754,affine,0.43,281.509,271.630,0.000,0.000,0.000,0.000,297.907,275.826,ok,,0.05,0.0499,5
eval_Ti3AlC2-MAX-Phase_TEM_DislocationCharacterization_0#2,DislocationCharacterization,Ti3AlC2-MAX-Phase_TEM_DislocationCharacterization,ma_roma_ft,pyramid_v2,0.2230,0.60715,38,10000,1695,affine@direct,0.46,270.006,245.030,0.000,0.000,0.000,0.000,259.306,221.766,ok,,0.05,0.0499,5
eval_Ti3AlC2-MAX-Phase_TEM_DislocationCharacterization_0#2,DislocationCharacterization,Ti3AlC2-MAX-Phase_TEM_DislocationCharacterization,ma_roma_ft,direct,0.1404,0.60715,38,10000,1259,homography,0.42,1590.155,147.793,0.000,0.000,0.000,0.000,304.538,317.411,ok,,0.02,0.0198,2
eval_Ti3AlC2-MAX-Phase_TEM_DislocationCharacterization_0#2,DislocationCharacterization,Ti3AlC2-MAX-Phase_TEM_DislocationCharacterization,ma_roma_ft,pyramid_v2,0.1404,0.60715,38,10000,1098,homography@direct,0.81,353.573,158.027,0.000,0.000,0.000,0.000,220.328,211.721,ok,,0.02,0.0198,2
eval_X2CrNi12-Ferritic_SEM-SE-Stitch_EBSD_Fatigue-SameSlice_0#0,SameSlice,X2CrNi12-Ferritic_SEM-SE-Stitch_EBSD_Fatigue-SameSlice,ma_roma_ft,direct,0.7034,0.99115,59,10000,5726,affine,1.18,9.301,7.608,0.000,0.068,0.203,0.610,9.281,6.933,ok,,0.5,0.5000,38
eval_X2CrNi12-Ferritic_SEM-SE-Stitch_EBSD_Fatigue-SameSlice_0#0,SameSlice,X2CrNi12-Ferritic_SEM-SE-Stitch_EBSD_Fatigue-SameSlice,ma_roma_ft,pyramid_v2,0.7034,0.99115,59,10000,5648,affine@direct,1.29,9.809,9.152,0.017,0.051,0.203,0.576,9.664,8.238,ok,,0.5,0.5000,38
eval_X2CrNi12-Ferritic_SEM-SE-Stitch_EBSD_Fatigue-SameSlice_0#0,SameSlice,X2CrNi12-Ferritic_SEM-SE-Stitch_EBSD_Fatigue-SameSlice,ma_roma_ft,direct,0.4974,0.99115,59,10000,4768,homography,1.12,13.171,10.620,0.000,0.000,0.119,0.441,19.952,17.517,ok,,0.25,0.2500,20
eval_X2CrNi12-Ferritic_SEM-SE-Stitch_EBSD_Fatigue-SameSlice_0#0,SameSlice,X2CrNi12-Ferritic_SEM-SE-Stitch_EBSD_Fatigue-SameSlice,ma_roma_ft,pyramid_v2,0.4974,0.99115,59,10000,5190,affine@direct,2.15,10.162,9.374,0.000,0.034,0.136,0.542,23.640,16.598,ok,,0.25,0.2500,20
eval_X2CrNi12-Ferritic_SEM-SE-Stitch_EBSD_Fatigue-SameSlice_0#0,SameSlice,X2CrNi12-Ferritic_SEM-SE-Stitch_EBSD_Fatigue-SameSlice,ma_roma_ft,direct,0.3146,0.99115,59,10000,3803,affine,1.06,21.640,20.115,0.017,0.017,0.068,0.254,23.130,17.613,ok,,0.1,0.1000,9
eval_X2CrNi12-Ferritic_SEM-SE-Stitch_EBSD_Fatigue-SameSlice_0#0,SameSlice,X2CrNi12-Ferritic_SEM-SE-Stitch_EBSD_Fatigue-SameSlice,ma_roma_ft,pyramid_v2,0.3146,0.99115,59,10000,5182,affine@direct+zoom,3.55,10.609,8.226,0.034,0.136,0.237,0.610,22.811,18.779,ok,,0.1,0.1000,9
eval_X2CrNi12-Ferritic_SEM-SE-Stitch_EBSD_Fatigue-SameSlice_0#0,SameSlice,X2CrNi12-Ferritic_SEM-SE-Stitch_EBSD_Fatigue-SameSlice,ma_roma_ft,direct,0.2224,0.99115,59,10000,208,affine,1.04,2277.058,2315.098,0.000,0.000,0.000,0.000,2300.019,2314.364,ok,,0.05,0.0500,4
eval_X2CrNi12-Ferritic_SEM-SE-Stitch_EBSD_Fatigue-SameSlice_0#0,SameSlice,X2CrNi12-Ferritic_SEM-SE-Stitch_EBSD_Fatigue-SameSlice,ma_roma_ft,pyramid_v2,0.2224,0.99115,59,10000,5731,homography@direct+zoom,3.59,32.198,31.815,0.000,0.017,0.068,0.153,52.744,44.971,ok,,0.05,0.0500,4
eval_X2CrNi12-Ferritic_SEM-SE-Stitch_EBSD_Fatigue-SameSlice_0#0,SameSlice,X2CrNi12-Ferritic_SEM-SE-Stitch_EBSD_Fatigue-SameSlice,ma_roma_ft,direct,0.1407,0.99115,59,10000,164,homography,1.04,5288.560,4975.554,0.000,0.000,0.000,0.000,5334.569,5002.781,ok,,0.02,0.0200,1
eval_X2CrNi12-Ferritic_SEM-SE-Stitch_EBSD_Fatigue-SameSlice_0#0,SameSlice,X2CrNi12-Ferritic_SEM-SE-Stitch_EBSD_Fatigue-SameSlice,ma_roma_ft,pyramid_v2,0.1407,0.99115,59,10000,126,affine@direct,1.06,8810.338,8421.850,0.000,0.000,0.000,0.000,8812.178,8456.545,ok,,0.02,0.0200,1
eval_X2CrNi12-Ferritic_SEM-SE-Stitch_EBSD_Fatigue-SameSlice_0#1,SameSlice,X2CrNi12-Ferritic_SEM-SE-Stitch_EBSD_Fatigue-SameSlice,ma_roma_ft,direct,0.7148,3.01599,100,10000,1746,affine,1.09,22.906,17.725,0.000,0.050,0.120,0.300,18.230,13.427,ok,,0.5,0.4998,65
eval_X2CrNi12-Ferritic_SEM-SE-Stitch_EBSD_Fatigue-SameSlice_0#1,SameSlice,X2CrNi12-Ferritic_SEM-SE-Stitch_EBSD_Fatigue-SameSlice,ma_roma_ft,pyramid_v2,0.7148,3.01599,100,10000,1643,affine@direct,1.21,26.949,18.978,0.010,0.050,0.150,0.270,21.502,14.228,ok,,0.5,0.4998,65
eval_X2CrNi12-Ferritic_SEM-SE-Stitch_EBSD_Fatigue-SameSlice_0#1,SameSlice,X2CrNi12-Ferritic_SEM-SE-Stitch_EBSD_Fatigue-SameSlice,ma_roma_ft,direct,0.5054,3.01599,100,10000,3300,affine,1.07,23.485,16.934,0.010,0.050,0.120,0.340,32.544,29.647,ok,,0.25,0.2500,28
eval_X2CrNi12-Ferritic_SEM-SE-Stitch_EBSD_Fatigue-SameSlice_0#1,SameSlice,X2CrNi12-Ferritic_SEM-SE-Stitch_EBSD_Fatigue-SameSlice,ma_roma_ft,pyramid_v2,0.5054,3.01599,100,10000,3678,affine@direct,2.10,23.076,18.907,0.010,0.030,0.100,0.320,23.940,21.498,ok,,0.25,0.2500,28
eval_X2CrNi12-Ferritic_SEM-SE-Stitch_EBSD_Fatigue-SameSlice_0#1,SameSlice,X2CrNi12-Ferritic_SEM-SE-Stitch_EBSD_Fatigue-SameSlice,ma_roma_ft,direct,0.3197,3.01599,100,10000,1169,homography,1.03,786.997,769.965,0.000,0.000,0.000,0.000,808.098,804.095,ok,,0.1,0.1000,10
eval_X2CrNi12-Ferritic_SEM-SE-Stitch_EBSD_Fatigue-SameSlice_0#1,SameSlice,X2CrNi12-Ferritic_SEM-SE-Stitch_EBSD_Fatigue-SameSlice,ma_roma_ft,pyramid_v2,0.3197,3.01599,100,10000,4201,homography@direct+zoom,2.76,21.097,19.674,0.000,0.020,0.090,0.260,31.166,30.089,ok,,0.1,0.1000,10
eval_X2CrNi12-Ferritic_SEM-SE-Stitch_EBSD_Fatigue-SameSlice_0#1,SameSlice,X2CrNi12-Ferritic_SEM-SE-Stitch_EBSD_Fatigue-SameSlice,ma_roma_ft,direct,0.2262,3.01599,100,10000,118,homography,0.96,1901.361,1825.884,0.000,0.000,0.000,0.000,1875.842,1903.113,ok,,0.05,0.0500,6
eval_X2CrNi12-Ferritic_SEM-SE-Stitch_EBSD_Fatigue-SameSlice_0#1,SameSlice,X2CrNi12-Ferritic_SEM-SE-Stitch_EBSD_Fatigue-SameSlice,ma_roma_ft,pyramid_v2,0.2262,3.01599,100,10000,53,homography@direct,0.99,13593.967,1339.888,0.000,0.000,0.000,0.000,2466.916,2360.364,ok,,0.05,0.0500,6
eval_X2CrNi12-Ferritic_SEM-SE-Stitch_EBSD_Fatigue-SameSlice_0#1,SameSlice,X2CrNi12-Ferritic_SEM-SE-Stitch_EBSD_Fatigue-SameSlice,ma_roma_ft,direct,0.1430,3.01599,100,10000,362,affine,0.91,19018.527,18700.653,0.000,0.000,0.000,0.000,18875.752,18581.236,ok,,0.02,0.0200,3
eval_X2CrNi12-Ferritic_SEM-SE-Stitch_EBSD_Fatigue-SameSlice_0#1,SameSlice,X2CrNi12-Ferritic_SEM-SE-Stitch_EBSD_Fatigue-SameSlice,ma_roma_ft,pyramid_v2,0.1430,3.01599,100,10000,300,affine@direct,0.97,18312.354,17804.271,0.000,0.000,0.000,0.000,18093.044,17563.599,ok,,0.02,0.0200,3
eval_X2CrNi12-Ferritic_SEM-SE-Stitch_EBSD_Fatigue-SameSlice_0#2,SameSlice,X2CrNi12-Ferritic_SEM-SE-Stitch_EBSD_Fatigue-SameSlice,ma_roma_ft,direct,0.7148,3.01599,100,10000,1131,affine,1.12,28.934,18.840,0.000,0.030,0.080,0.280,22.875,14.376,ok,,0.5,0.4998,65
eval_X2CrNi12-Ferritic_SEM-SE-Stitch_EBSD_Fatigue-SameSlice_0#2,SameSlice,X2CrNi12-Ferritic_SEM-SE-Stitch_EBSD_Fatigue-SameSlice,ma_roma_ft,pyramid_v2,0.7148,3.01599,100,10000,1074,affine@direct,1.22,27.116,16.921,0.000,0.010,0.060,0.270,24.468,15.204,ok,,0.5,0.4998,65
eval_X2CrNi12-Ferritic_SEM-SE-Stitch_EBSD_Fatigue-SameSlice_0#2,SameSlice,X2CrNi12-Ferritic_SEM-SE-Stitch_EBSD_Fatigue-SameSlice,ma_roma_ft,direct,0.5054,3.01599,100,10000,1848,affine,1.08,26.145,20.642,0.000,0.030,0.090,0.230,21.854,17.087,ok,,0.25,0.2500,28
eval_X2CrNi12-Ferritic_SEM-SE-Stitch_EBSD_Fatigue-SameSlice_0#2,SameSlice,X2CrNi12-Ferritic_SEM-SE-Stitch_EBSD_Fatigue-SameSlice,ma_roma_ft,pyramid_v2,0.5054,3.01599,100,10000,2385,homography@direct+zoom,4.17,16.548,15.126,0.010,0.030,0.100,0.340,22.740,19.543,ok,,0.25,0.2500,28
eval_X2CrNi12-Ferritic_SEM-SE-Stitch_EBSD_Fatigue-SameSlice_0#2,SameSlice,X2CrNi12-Ferritic_SEM-SE-Stitch_EBSD_Fatigue-SameSlice,ma_roma_ft,direct,0.3197,3.01599,100,10000,1741,affine,0.96,27.933,21.355,0.020,0.030,0.090,0.180,38.046,32.285,ok,,0.1,0.1000,10
eval_X2CrNi12-Ferritic_SEM-SE-Stitch_EBSD_Fatigue-SameSlice_0#2,SameSlice,X2CrNi12-Ferritic_SEM-SE-Stitch_EBSD_Fatigue-SameSlice,ma_roma_ft,pyramid_v2,0.3197,3.01599,100,10000,2617,affine@direct+zoom,2.40,22.948,17.939,0.010,0.030,0.100,0.300,55.366,44.227,ok,,0.1,0.1000,10
eval_X2CrNi12-Ferritic_SEM-SE-Stitch_EBSD_Fatigue-SameSlice_0#2,SameSlice,X2CrNi12-Ferritic_SEM-SE-Stitch_EBSD_Fatigue-SameSlice,ma_roma_ft,direct,0.2262,3.01599,100,10000,175,affine,0.95,6543.999,6189.161,0.000,0.000,0.000,0.000,6544.021,6194.872,ok,,0.05,0.0500,6
eval_X2CrNi12-Ferritic_SEM-SE-Stitch_EBSD_Fatigue-SameSlice_0#2,SameSlice,X2CrNi12-Ferritic_SEM-SE-Stitch_EBSD_Fatigue-SameSlice,ma_roma_ft,pyramid_v2,0.2262,3.01599,100,10000,173,homography@direct,0.99,7659.407,6459.841,0.000,0.000,0.000,0.000,7007.268,6606.393,ok,,0.05,0.0500,6
eval_X2CrNi12-Ferritic_SEM-SE-Stitch_EBSD_Fatigue-SameSlice_0#2,SameSlice,X2CrNi12-Ferritic_SEM-SE-Stitch_EBSD_Fatigue-SameSlice,ma_roma_ft,direct,0.1430,3.01599,100,10000,161,homography,0.89,14010.565,13173.789,0.000,0.000,0.000,0.000,14106.241,13333.880,ok,,0.02,0.0200,3
eval_X2CrNi12-Ferritic_SEM-SE-Stitch_EBSD_Fatigue-SameSlice_0#2,SameSlice,X2CrNi12-Ferritic_SEM-SE-Stitch_EBSD_Fatigue-SameSlice,ma_roma_ft,pyramid_v2,0.1430,3.01599,100,10000,160,affine@direct,0.94,14129.468,13316.777,0.000,0.000,0.000,0.000,14054.646,13259.940,ok,,0.02,0.0200,3
